137
11167654 44
11183589 23
12031903 BRT01
12031904 BRT01
12724269 11
12724270 11
12725863 04
12725864 04
12726060 09A
12726061 09A
12738568 99
12738569 99
12744117 05
12744118 05
12746734 18
12746735 18
12756324 26
12756325 26
12764282 42
12766145 42
12768120 44
12822101 16
12822102 16
12834879 60B
12835458 31
12835459 31
12845913 60B
12846290 07
12846291 07
12846900 01
12849886 24
12849887 24
12851814 01
12851968 02
12853381 02
12853752 104
12857158 104
12861474 22C
12862576 106
12862577 106
12863076 22C
12864936 60A
12868384 60A
12870761 12
12872025 12
12886475 97
12886476 97
12921723 09B
12921749 03A
12921750 03A
12921752 03B
12921753 03B
12921963 09B
12925243 27
12926540 47A
12926541 47A
12926543 25
12926544 25
12926933 27
12928807 29
12930077 50
12930078 50
12940938 29
12955649 47B
12955650 47B
12966142 14
12966143 14
12969815 49
12978619 49
12978666 100
12978667 100
12981172 86
12981412 86
12989441 08A
12991032 68
12992621 68
12992973 08A
12993137 08B
12993848 122
12993849 122
12994669 109
12996764 109
12997216 08A
12997261 13
12999023 90
13002700 90
13004747 21A
13004748 21A
13004750 21B
13004751 21B
13009891 22A
13009892 22A
13009894 22B
13009895 22B
13015478 72
13015479 72
13025124 28
13025125 28
13069525 52A
13074271 69
13074272 69
13077850 43
13077851 43
13081171 20B
13081172 20B
13084716 98
13084717 98
13088554 105
13088869 115
13088870 115
13089093 114
13089845 114
13089847 35B
13089848 35B
13091198 91
13091199 91
13091438 105
13094893 112
13094894 112
13096087 119
13096088 119
13101149 66
13101150 66
13113492 56A
13113493 56A
13114783 56B
13114784 56B
13123383 06B
13123384 06B
13123386 06C
13123387 06C
13123897 10B
13123898 10B
13224090 06D
13224091 06D
13224093 06E
13224094 06E
