137
11167654 23
7589589146 738815334 738813565 738813238 7162770672 738814459 738813771 738813975 7608990478 738815717 738815870 738813733 444395014 738813593 7617390946 738814284 7617390947 7617390955 7617390956 7617390957 7617390958 7617390959 6695986187 
11183589 8
7603055514 738813781 7824856485 738814496 738815106 7824915632 7824915645 738814463 
12031903 23
8237661969 8237661968 8237661967 8237661966 8237661965 8237661964 8237661963 8237661962 8237661961 8237661960 8237661959 6666528584 8237661958 8237661957 8237661956 8237661955 8237661954 8237661953 8237661952 8237661951 8237661950 8237661949 8237661948 
12031904 23
8237661948 8237661949 8237661950 8237661951 8237661952 8237661953 8237661954 8237661955 8237661956 8237661957 8237661958 6666528584 8237661959 8237661960 8237661961 8237661962 8237661963 8237661964 8237661965 8237661966 8237661967 8237661968 8237661969 
12724269 27
738814627 738815662 8205232247 738815474 5561070622 8259365871 738814587 738813615 738813955 5484103149 8259355482 8259365848 8209169361 8259365830 481837167 8739945228 8739945229 481836867 8739945230 481836709 8739945231 8739945232 2517061523 8739945233 8739945234 8739945235 8739945236 
12724270 27
8739945236 8739945237 8739945238 8739945239 8739945240 481837399 481836829 8739945241 995292341 995292569 481836891 481836920 8739945242 8739945243 481837098 8739945244 7185553797 8739945245 5483657862 481837251 7132790440 738814872 5362040321 738815124 738813580 8739945246 738814627 
12725863 29
8835043626 8831817104 7132790440 738814872 738815407 738813565 8775195821 738813238 8213181379 446044211 446044163 8741080045 8741080046 738814388 8741080047 8741080048 8741080049 8741080050 8741080051 8741080052 8741080059 8741080060 8741080061 8741080062 738813325 8741080063 8741080064 8741080065 8741080066 
12725864 29
8741080066 8741080067 8741080068 8741080069 8741080070 8741080071 8741080072 8741080073 8741080074 8741080075 8741080076 8741080077 8741080078 8741080079 8741080080 8741080081 738814879 8741080082 738813235 446044220 7821883016 738814817 738814750 5561070622 8259365871 738814587 738813615 8831817108 8835043626 
12726060 23
5485662135 738815373 4292651591 4292785590 738815469 8741294704 738814001 738815828 8741294705 4476131489 738815421 8741294706 8741294707 738813553 8741294708 8741294709 8741294710 8741294711 8741294712 8741294713 8741294714 8741294715 8925900874 
12726061 23
8925900874 8741301517 8741301518 8741301519 8741301520 5118690545 8741301521 738815241 738815799 738815835 8741301522 738813746 738814345 8741301523 8741301524 738814864 738815133 8741301525 738813577 3887711843 738815169 4448611389 5485662135 
12738568 31
8237661948 8751624829 8751624830 8751624831 446044133 8349461377 8349461376 8349461378 8205232237 8751624832 738814010 738814494 8751624833 8751624834 8751624835 8751624836 7169064143 738814324 738813337 4421384524 738813325 8741080063 8741080064 8741080065 8751624837 8751624838 8751624839 8751624840 8751624841 8751624842 8751624843 
12738569 30
8751624843 8751624844 8751624845 8751624846 8751624847 8751624848 8751624849 8741080067 8741080068 8741080069 8741080070 1755811863 8205232241 4405443689 8751624850 8751624851 8751624852 8751624853 738813681 7824915632 7824915633 738813975 8349461379 8349461380 446044131 8751624854 8751624855 8751624856 8751624857 8237661948 
12744117 33
738814934 8236289500 4273838289 8236289507 8236303286 738814333 8236303325 738813734 738813591 738813332 8236289508 738813733 444395014 738813593 7617390946 738814284 7617390947 7617390955 8236303241 8236289492 8236289502 8236303281 8236303297 8236303305 8236303317 8237141705 8237141707 8237141695 6832637185 8237141697 738815095 8237141698 8237141691 
12744118 31
8237141691 8755733270 8755733271 8755733272 8755733273 8755733274 8755733275 8755733276 8755733277 8755733278 8755733279 8755733280 8755733281 8755733282 7622910381 7622910382 7622910383 8755733283 8755733284 444394999 444394790 738814410 8755733285 8755733286 738814467 8755733287 8755733288 8755733289 738814966 8755733290 738814934 
12746734 35
8757875250 8757875251 738813681 7824915632 7824915633 7824915634 7608990478 738815717 8757875252 738814480 738814080 8757875253 738814544 738815121 738814565 738815727 738815693 738815268 738814683 738814839 738814670 8757875254 738813955 7132790440 738814872 738815407 738813565 738813238 7162770672 738813898 738815214 738814363 738813467 738815106 8757875250 
12746735 39
8757875250 8757875251 446044156 446044160 8757875257 738815117 738813833 7821883015 7821883016 738814448 738813683 7825858603 8259365871 738814587 738813615 8831817110 738813795 8757875258 8757875259 998227594 8741294704 738814001 8237661948 738813654 8757875260 8757875261 738813355 8757875262 738815785 738814705 7629327424 738814514 738815806 8205232237 8751624832 738814010 738814494 738813427 8757875250 
12756324 32
8766627148 8766627149 738814268 8741080082 738813235 738814309 738814363 738815106 738813777 738813509 738813771 738813975 7608990478 8766627150 738814536 738813514 738813690 738815746 738815328 738814414 738814805 738813553 8218246214 8766627151 8766627152 8766627153 8766627154 5485775799 8766627155 8766627156 8766627157 8766627158 
12756325 33
8766627158 8766627159 8766627160 8766627161 738815378 2545040560 738813535 738815665 8766627162 4914822521 738813636 8766627163 5059726290 5059731444 738815716 738814515 738814870 738814398 738814514 738815806 738814370 738815825 738815382 8766627164 8766627165 8757875257 738814039 446044211 446044163 8741080045 738815021 8766627166 8766627148 
12764282 25
8772715668 4405443689 8772715669 8772715671 8772715674 8766627149 738814268 738814879 8741080082 738813235 446044220 7821883016 738814448 738813683 738814833 7821910475 738815164 738813402 8209169360 446043802 8259365830 7178789816 8772715696 8772715697 8772715699 
12766145 26
8772715699 8772715698 7178800459 7178788658 481837098 481837228 5321696621 738815218 8772715681 7589589146 738815334 738813565 8775195821 738813238 8213181379 8213181379 446044211 446044163 8741080045 738815021 8766627166 8772715673 8772715672 7169064143 8209169367 8772715668 
12768120 28
6695986187 7622858412 7622858413 7622885212 7622885213 7622910381 7622910382 7622910383 738813826 7622915971 738813335 738813831 738814410 7629327423 738815707 7629327424 738814514 738815806 738814370 738815825 738813696 7821883015 7821883016 738814448 738813683 738814833 7821910475 7589589146 
12822101 26
6695986187 7617390960 8813408787 738813535 738815665 8766627162 4914822521 8813408788 8813408789 8813408790 738814575 738813341 738813645 8813408792 7056032822 8813408793 8813408794 8813408795 738813232 8813408796 8813408797 738814324 738813337 4421384524 738813325 8741080070 
12822102 25
8741080070 1755811863 8205232241 8205232235 8205232236 738815315 8751624853 8813408798 738815257 5485887885 738814593 8813408799 8813408800 738815858 8813408801 738815462 8813408802 8218246214 8766627151 8766627152 8766627153 8766627154 7298159285 8813408803 6695986187 
12834879 35
8741080070 8821681975 738814832 8236303286 738814333 8236303325 738813734 738813591 738813332 8236289508 738813733 444395014 738813593 7617390946 738813826 738813552 738815502 738815036 8821681976 8821681977 8821681978 7617390958 7617390959 7617390960 8813408787 738813730 8821681979 738815813 8821681980 8821681981 8821681982 8821681983 8807115925 8807115926 8807115895 
12835458 36
8766627164 8766627165 738813884 8807115915 738815889 5061383221 8822946769 5561070622 8259365871 738814587 738813615 8831817110 8822946771 8822946772 4559411156 8822946773 8822946774 8822946775 738815168 8822946776 738813415 738815293 738813803 8822946786 8822946787 8822946788 8822946789 8822946790 8822946791 8822946792 8822946793 8822946794 8347802015 8822946795 5485731419 8822946796 
12835459 35
8822946796 8822946798 8822946799 8347820953 8822946800 8822946801 8822946802 8822946803 8822946804 8822946805 8822946806 8822946807 8822946808 963363896 738813432 738813372 8822946809 738814378 738815750 8822946811 8822946812 738815149 5561075722 738813307 8831817107 8822946813 8822946814 738813822 738815312 1008753034 738815565 7824856485 8822946815 738815106 8766627164 
12845913 35
8807115895 8807115903 8807115904 8829926851 7294677886 7294698285 4224823335 738815777 7294678089 8829926852 7298159285 8813408803 8808907343 7622858413 8829926853 8829926854 8829926855 738813809 738815210 738813563 8829926856 8755733284 738814410 8755733285 8755733286 738814467 8755733288 8755733289 738814966 8829926857 8829926858 738813325 8237141711 8741080070 8755733287 
12846290 30
8218246200 738813553 8218246214 8218246202 738815754 738813966 8831420038 738813928 4584884500 8821681979 8831420042 738815813 8821681980 8821681981 8821681982 8821681983 8831420043 8831420044 8831420045 8831420046 8831420047 8831420048 8831420049 8831420050 8831420051 8831420052 8831420053 8831420054 8831420055 4439743593 
12846291 28
4439743593 8831420059 8831420060 8831420061 8831420062 8831420063 8831420064 7294698185 963363560 7294698186 963363533 7294678088 8829926851 7294677886 7294698285 4224823335 8831420065 8852120925 7294678089 8831420066 738815534 7294698188 7294698386 4699035099 4914822521 738815799 8218246200 738815777 
12846900 37
7185553797 481837228 8209169367 5321696621 8831817107 4794363122 4017540901 5061374323 7185567066 738814465 8739945246 738815423 738813348 5061374324 738813601 738815717 738815870 738813733 444395014 444394999 444394994 444394979 8770675677 444394956 444394950 8770675678 8770675679 8770675680 8770675681 8770675682 8770675683 8770675684 8770675685 8770739141 8770739142 8770739143 8237661969 
12849886 26
8835043626 8831817106 8835043628 8772715681 7589589146 8835043629 738813697 738814313 7056039274 7056039272 8807115914 8835043631 8835043632 738814519 738813564 8813408798 738815257 5485887885 8813408799 8813408800 738815858 8813408801 738815462 8813408802 738815799 8218246200 
12849887 28
8218246200 738813553 8813408788 8813408789 8813408790 738814575 738813341 738813645 8813408792 7056032822 8813408793 8813408794 8813408795 738815658 8835043633 7056067374 8236303222 738814794 7056039276 7056039273 738815660 738814139 738813579 7821910475 738815164 738814962 8831817110 8835043626 
12851814 38
8237661969 8770739144 8770739145 8770739146 8770739147 8770739148 8770739149 8770739150 8770739151 8770739152 8770739153 8770739154 444394880 8770739155 8939177164 8770739156 738814455 444394809 444394790 738814410 8939177165 7629327423 738815707 7629327424 7824915645 738815809 738813665 738813877 738815143 738815776 8836623314 738814670 8757875254 738813955 738813402 8209169360 8209169361 7185553797 
12851968 39
7825858601 7589589146 738815334 7825858603 8837631356 738814946 4539039489 4292651591 4292785590 738815469 738815823 738813900 8837631357 8837631358 738814445 5061374324 738813601 738815717 738815870 738813733 444395014 444394999 444394994 444394979 8770675677 444394956 444394950 8770675678 8770675679 8770675680 8770675681 8770675682 8770675683 8770675684 8770675685 8770739141 8770739142 8770739143 8237661969 
12853381 34
8237661969 8770739144 8770739145 8770739146 8770739147 8770739148 8770739149 8770739150 8770739151 8770739152 8770739153 8770739154 444394880 8770739155 8770739156 738814455 444394809 444394790 738814410 7629327423 738815707 7629327424 7824915645 738815809 738813973 446044145 738813572 738815268 738815820 3887711843 738815169 738814524 5561070622 7825858601 
12853752 35
8741080070 8838269673 8838269674 8838269675 8838269676 4273838289 8236289507 8829926857 738814832 8838269677 8833029015 738813608 8833070419 8833070421 8833070423 8833070425 8838269678 8838269679 8838269680 8838269681 8838269682 8838269683 5485707984 8236289492 8236289502 8838269684 8838269685 7617390958 7617390959 8808907343 8838269686 8838269687 8838269688 8838269689 8838269690 
12857158 32
8838269690 8840893877 8840893878 8840893879 8840893880 7622858413 8840893881 8840893882 8755733280 8755733281 738815286 8841276448 8840893883 8840893884 8840893885 8840893886 8840893887 738815707 8833070424 8833070422 8833070420 8833070418 8833070417 8833029016 8840893888 4273768191 8755733290 8840893889 8840893890 8840893891 738813325 8741080070 
12861474 30
8772715668 738814324 738813337 4421384524 8821681975 738814832 8236303286 8845983480 8845983481 8845983482 8845983483 8845983484 444394994 444394979 8770675677 444394956 444394950 8770675678 8770675679 8845983485 8845983486 8845983487 8845983488 8845983489 8845983490 8845983491 8845983492 8845983493 8845983494 8845983496 
12862576 37
8846358749 8846358750 8770675679 738814236 8846358751 8846358752 8846358753 8846358754 8846358755 8846358756 8846358757 8846358758 8846358759 8846358760 8755733290 8840893889 8840893890 8840893891 738813325 8741080070 1755811863 8205232241 4405443689 8772715669 8772715671 8846358761 8846358762 8846358763 8846358764 8846358765 8741080047 8846358766 8846358767 8846358768 8846358769 8846358770 8846358748 
12862577 35
8846358748 8846358774 8846358775 8846358776 8846358777 8846358778 8846358779 8846358780 8846358781 8846358782 8846358783 8772715672 8772715670 7169064143 738814324 738813337 4421384524 8838269673 8838269674 8838269675 8838269676 4273838289 8846358784 8846358785 8846358786 8846358787 8846358788 8846358789 8846358790 8846358791 8846358793 738814732 8770739153 8946245806 8846358749 
12863076 29
8845983496 8846689632 8846689633 8846689634 8846689635 8846689636 8846689637 8846689638 8846689639 8846689640 8846689641 8770739153 8770739154 444394880 8770739155 8939177164 8770739156 738814455 444394809 8846689642 8846689643 8846689644 8846689645 8846689646 738814966 8829926857 8829926858 1755811863 8772715668 
12864936 42
8849027506 8741080067 8849027507 1927591119 8741080070 8838269674 8838269675 8236289500 4273838289 8236289507 8236303286 8845983480 8845983481 8845983482 8845983483 8845983484 444394790 738813593 7617390946 738813826 738813552 738815502 738815036 8821681976 8821681977 8821681978 7617390958 7617390959 7617390960 8813408787 738813730 8821681979 738815813 8821681980 8821681981 8821681982 8850985958 8850985959 8850985960 8850985961 8850985962 8850985964 
12868384 42
8850985964 8852120920 8852120921 8852120922 8852120923 8852120924 7294677886 7294698285 4224823335 738815777 7294678089 8829926852 7298159285 8813408803 8808907343 7622858413 8829926853 8829926854 8829926855 738813809 738815210 738813563 8829926856 8755733283 8755733284 444394999 8846689642 8846689643 8846689644 8846689645 8846689646 738814966 4273768191 8755733290 738814934 8840893890 8840893891 738813325 8237141711 8852120926 8741080065 8849027506 
12870761 42
8853934329 8853934325 8853934326 8807115913 8741294707 5059726290 5059731444 738815716 738814515 738814870 738814398 738814514 738815806 8349461381 738815643 738815019 8853934327 8853934328 8856191317 8853934330 8813408797 738814324 738813337 4421384524 738813325 8237141711 738815872 738815864 436176914 1927580771 8853934332 1928641076 8853934333 8853934334 8853934335 8853934336 8853934337 8853934338 8853934339 8853934340 8853934341 8853934342 
12872025 43
8853934342 8856174797 8856174798 8856174799 8856174800 8856174801 8856174802 8856174803 8856174804 8856174805 1928641073 738814358 1927580770 738813839 8856174806 1927591121 1927591119 8741080070 1755811863 8845469637 8205232235 8813408796 8856174807 8856174808 8856174809 4893056431 8856174810 8856174811 8856174812 738815674 7608990478 8766627150 738814536 738813514 738813690 738815746 738815328 738814414 8856174813 8856174814 738815482 738814058 8856191317 
12886475 32
8865361273 8865361274 8865361275 8865361276 8865361277 8865361278 8865361279 8865361280 8865361281 8865361282 8865361283 8865361284 8865361285 8865361286 8865361287 8865361288 8865361289 8865361290 8865361291 8865361292 8766627160 8755733275 8755733276 8755733277 8865361293 8865361294 8865361295 8865361296 8865361297 8865361298 8865361300 8856191317 
12886476 35
8856191317 8865361299 8865361302 8865361303 8865361304 8865361305 8865361306 8813408787 7298159285 8813408803 8236303317 8237141705 8237141707 8766627156 8865361307 8865361308 8865361309 8865361310 8865361311 8865361312 8865361313 8865361314 8865361315 8865361316 8865385017 8865385018 8865385019 8865385020 8865385021 8865385022 8865385023 8865385024 8865385025 8865385026 8865361273 
12921723 31
5485662135 738815373 738813822 738815312 1008753034 1008752617 738815423 738813348 5061374324 738813601 738815717 738814593 8813408799 8895529057 738814080 738813690 738815746 738815328 8895529058 8895529059 738815462 8813408802 8218246214 8766627151 8766627152 8895529060 8895529061 8895529062 8236303297 8236303305 6695986187 
12921749 20
8772715668 8205232235 8205232236 8895558431 738813681 8895558432 738813333 738813618 738815143 8205232247 8209169359 738814833 7821910475 738815164 738814962 738813955 8895558434 8209169360 8209169361 7185553797 
12921750 22
7185553797 8739945244 8209169367 5321696621 481837251 8835043628 8772715681 7589589146 738815334 5462421044 8895558436 738815124 738813580 8739945246 8895558437 8895558433 8895558438 738814494 738813232 8813408796 8813408797 8772715668 
12921752 25
8741080070 1755811863 8845469632 8205232235 8205232236 8895558431 738815658 8835043633 7056067374 8236303222 738814794 7056039276 8895558439 8895558445 8895558454 8895558455 8895558456 8895558457 8895558459 8895558460 8895558462 8895558463 8895558464 8895558465 8895558467 
12921753 27
8895558468 8895558469 8895558470 8895558471 8895558461 8895558472 8895558458 8895558473 8895558474 8895558475 8895558446 8895558440 7056039272 8807115914 8835043631 8835043632 738814519 8895558476 738813232 8813408796 8813408797 738814324 738813337 4421384524 738813325 8237141711 8741080070 
12921963 30
6695986187 7617390960 8755733278 4914822621 8895739838 8895739839 8766627162 4914822521 8813408788 8813408789 8895739840 8895739841 5059726290 5059731444 738815716 738815734 738813645 8813408792 7056032822 8770739205 7824915645 738815809 738813665 738813877 738814627 738815662 5061383221 738815678 4448611389 5485662135 
12925243 44
8237661969 8770739144 8770739145 8770739146 8770739147 8770739148 8770739149 8770739150 8770739151 8770739152 8770739153 8770739154 444394880 8770739155 8770739156 738814455 444394809 444394790 738814410 7629327423 738815707 738814593 8813408799 8813408800 738815858 8898755900 8895529058 8895529059 738815462 8813408802 738813553 8218246214 8766627151 8766627152 8766627153 8766627154 8898755904 8898755901 4584884500 8821681979 8831420042 738815813 8821681980 8898755902 
12926540 18
8835043626 8831817106 738813955 4755947785 8900261008 8900261009 8900261010 8900261011 8900261012 8900261013 8900261014 8900261015 8900261016 8900275017 8900275018 738815686 8900275019 8900275020 
12926541 18
8900275020 8900275022 8900275023 8900275024 8900275025 8900275026 8900275027 8900275028 8900275029 8900275030 8900275031 8900275032 8900275033 8900275034 8900275035 481837251 8831817108 8835043626 
12926543 36
8807115895 8807115903 8807115904 8807115905 8807115906 8807115907 8807115908 6742138880 8807115909 8807115910 8807115911 738813684 738814289 738815447 738814350 5118690560 8807115912 5118690545 5118690559 8741301521 8807115913 738814364 738813748 8751624829 8751624830 8751624831 446044133 8349461377 8900275036 738815382 8895558438 738814494 738813232 8813408796 8813408797 8772715668 
12926544 35
8772715668 8205232235 8205232236 8895558431 738813681 8895558432 8900275037 446044131 8751624854 8751624855 8751624856 8751624857 738813654 8900275038 8856174814 8741294709 8741294710 8741294711 8900275039 8900275040 8900275041 8900275042 8900275043 8900275044 8807115917 8807115918 8807115919 8807115920 8807115921 8807115922 8807115923 8807115924 8807115925 8807115926 8807115895 
12926933 44
8898755902 8900644420 4224823335 8831420065 738815777 7294678089 8831420066 8900644425 8829926852 738813535 738815665 8766627162 4914822521 738813636 738815835 8741294707 5059726290 5059727803 738814575 738813341 738813645 8813408792 7056032822 738815870 738813733 444395014 444394999 444394994 444394979 8770675677 444394956 444394950 8770675678 8770675679 8770675680 8770675681 8770675682 8770675683 8770675684 8770675685 8770739141 8770739142 8770739143 8237661969 
12928807 43
8772715668 4405443689 738814297 738813337 4421384524 8821681975 738814832 8236303286 8845983480 8845983481 8845983482 8845983483 8845983484 444394790 738813593 7617390946 738814284 7617390947 7617390955 7617390956 7617390957 8838269685 7617390958 7617390959 7617390960 8813408787 5485775798 6832637185 738813403 8901852870 8901852871 8901852872 8901852873 8361021995 8901852874 8901852875 8901852876 8901852877 8901852878 8901852879 8901852880 8901852881 8901852884 
12930077 32
8835043626 8831817111 8822946771 8822946772 738815384 481837146 738815690 8903312052 738815699 8237661948 8751624829 8751624830 738813355 8757875262 738813514 738815734 738815858 738815788 738815502 738815036 8821681976 8821681977 8821681978 8808907344 8808907345 8903312053 8808907346 8808907347 8903312054 8903312055 8903312056 8903312058 
12930078 37
8903312058 8903312061 8903312062 8903312064 8808913248 8808913249 8808913251 8808913252 8829926853 8829926854 8829926855 738813809 738815210 8903312065 738814575 738813341 8903312081 738814515 738814870 8903312082 738813861 8903312083 8751624856 8751624857 738815727 738815693 8903312084 738815713 738813622 738813394 8903312085 8903312086 738815149 5561075722 738813307 8831817105 8835043626 
12940938 44
8901852884 8911997209 8911997210 8865385026 8911997211 8911997212 8911997213 8911997214 8911997215 8911997216 8912013117 8912013118 8912013119 8912013120 738813630 8755733273 2545040669 2545040560 7298159285 8813408803 7622858412 7622858413 8840893881 7622885212 7622885213 7622910381 7622910382 7622910383 738813826 7622915971 738813335 738813831 444395014 444394999 8846689642 8846689643 8846689644 8846689645 8846689646 738814966 8829926857 8829926858 1755811863 8772715668 
12955649 37
8757875250 8757875251 738813681 738813427 8766627165 8757875257 738814039 446044211 446044163 738814794 7056039276 8919736465 8919736466 8900261015 8900261016 8900275017 8900275018 738815686 8919736471 8919736472 8919736475 8919736477 8919736479 8919736482 8919736483 8919736485 8919736487 8919736489 8919736491 8919736493 8919736495 8919736497 8919736500 8919736501 8919736503 8919736505 8919736507 
12955650 35
8919736507 8919736506 8919736504 8919736502 8919736499 8919736498 8919736496 8919736494 8919736492 8919736490 8919736488 8919736486 8919736484 8919736481 8919736480 8919736478 8919736476 8919736473 8919736469 8900275022 8900275023 8900275024 8900275025 8900275026 8900275027 8919736511 8919736512 7056039272 8807115914 8741080082 738813235 738814309 738814363 738815106 8757875250 
12966142 24
5485662135 738813615 8831817107 738813795 8920049617 738813394 8920049618 8920049619 8920049620 8920049621 8920049622 8920049623 8920049624 738813966 8831420038 738813928 4584884500 8821681979 8831420042 738815813 8821681980 8821681981 8821681982 8920049626 
12966143 25
8920049626 8920049629 7294677886 7294698285 4224823335 8831420065 738815777 7294678089 8831420066 738815534 7294698188 7294698386 8920049630 8920049631 8920049632 8920049633 8741301523 8741301524 8920049634 8920049635 8920049636 738814318 738813955 7132790440 5485662135 
12969815 31
7825858601 7589589146 738815334 7825858603 738814528 3146565103 8923111206 738815783 8739945246 738815423 738813348 8751624855 738813226 738814976 738814805 738813553 8218246214 8766627151 8766627152 8766627153 8766627154 5485775799 8923111207 8923111208 8865361308 8865361309 8865361310 8865361311 738813948 8923111209 8911997216 
12978619 30
8911997216 8925798718 8925798719 8865361288 8865361289 8865361290 8865361291 8925798720 8925798721 738815378 2545040560 738813535 738815665 8766627162 4914822521 738813636 8766627163 738815843 738813910 738814544 8757875261 8751624831 738813665 738813877 738815143 6257442385 8822946769 5561070622 8925798722 7825858601 
12978666 26
8835043626 8831817105 738813955 8895558434 8209169360 8925821806 8925821807 8925821808 8925821809 8925821810 8925821811 8925821812 8919736465 8925821813 8925821814 481836709 8739945231 8739945232 2517061523 8925821815 8925821816 8925835917 8925835918 8925835919 8925835920 8925835921 
12978667 26
8925835921 8925835923 8925835924 8925835925 8925835926 8925835927 8925835928 8739945240 481837399 481836829 8739945241 8925835929 8925835930 8919736512 8925835931 8925835932 8925835933 8925835934 8925835935 8925835936 8925835937 8209169367 5321696621 481837251 8831817109 8835043626 
12981172 12
4251886989 6257442385 4448611389 738814587 8831817111 8822946772 4676407393 738813803 8927363856 4570480399 7040031287 4439743593 
12981412 12
5404990957 8927363887 8927529643 963363896 738815750 5561075722 8831817104 738815218 738815771 6206929385 4251886989 4439743593 
12989441 37
8835043626 8831817104 7132790440 738814872 5362040321 3146565103 738815312 1008753034 738815565 7824856485 738814302 738813467 738815106 8919736461 8757875251 738813232 8813408796 8813408797 738814324 738813337 4421384524 738813325 8237141711 738815872 738815864 436176914 1927580771 8853934332 1928641076 8853934333 8853934334 8929843510 8929843511 8929843512 8929843513 8929843514 8929843515 
12991032 19
8930987737 8770739152 8770739153 444394880 738814455 738814410 738815707 8813408799 8813408800 738815858 8813408801 8813408802 8741294709 8741294712 8807115918 8927363856 7040031287 4570480399 4439743593 
12992621 19
4439743593 5404990957 8927363887 8927529643 8807115911 8741301520 8741301521 738815241 8813408788 8813408790 738813341 738813645 8813408792 444394752 444395014 444394979 444394950 8770675680 8930987737 
12992973 34
8929843515 8930639205 8930639190 8930639210 8930643818 8930639202 8856174804 8856174805 1928641073 738814358 1927580770 738813839 8856174806 1927591121 1927591119 8741080070 1755811863 8845469637 8205232235 8205232236 8895558431 738815658 8919736462 8766627165 738815089 446044147 8807115915 738815889 5061383221 738815678 4448611389 738814587 738813615 8835043626 
12993137 33
8835043626 8831817104 7132790440 738814872 738814946 4539039489 7185567066 738814465 8739945246 8895558437 8895558433 8895558438 738814494 738813232 8813408796 8813408797 738814324 738813337 4421384524 8932663264 8930639211 8849027506 8751624837 8930639208 8930639216 8930639185 8930639213 8930639206 8930639203 8930639189 8930643817 8930639214 8930639199 
12993848 32
7185553797 8259365830 7178789816 8772715696 7178810616 8919509903 7178795558 8919509904 7178804713 7178812747 8933203624 8933203625 8933203627 8933203629 8933203631 8933203633 8933203635 8933203637 8933203639 8933203641 8933203643 8933203645 8933203647 8933203649 8933203651 8933203653 8933203655 8933203657 8933203659 8933203661 8807115904 8933203663 
12993849 32
8933203663 8807115925 8933203662 8933203660 8933203658 8933203656 8933203654 8933203652 8933203650 8933203648 8933203646 8933203644 8933203642 8933203640 8933203638 8933203636 8933203634 8933203632 8933203630 8933203628 8933203626 8933203623 7178812821 7178808033 7178811680 7178793083 7178803638 7178800459 7178788658 481837098 8739945244 7185553797 
12994669 31
6695986187 7617390960 8813408787 8898755904 8898755901 4584884500 8821681979 8831420042 738815813 8821681980 8821681981 8821681982 8821681983 8831420043 8831420044 8831420045 8831420046 8831420047 8831420048 8831420049 8831420050 8831420051 8831420052 8831420053 8831420054 8831420055 8927529643 8933730773 8933730776 8927363856 4439743593 
12996764 25
4439743593 8831420059 8831420060 8831420061 8831420062 8831420063 8831420064 7294698185 963363560 7294698186 963363533 7294678088 8829926851 7294677886 7294698285 4224823335 8831420065 738815777 7294678089 8831420066 8900644425 8829926852 7298159285 8813408803 6695986187 
12997216 33
8930639199 8930639207 8930639194 8930639209 8930639212 8930639191 8930639197 8930639193 8930639200 8930639188 8751624849 8930639215 8930639195 8741080069 8741080070 1755811863 8845469637 8205232235 8205232236 8895558431 738813681 8895558432 738813333 738813618 738815143 738815776 3887711843 738815169 4448611389 738814587 738813615 8831817108 8835043626 
12997261 22
8850985964 8934749260 8852120920 738813684 738814289 738815447 738814350 5118690560 8807115912 8920049624 8865361299 8934749282 8934749280 8829926852 5485775799 6832637185 8934749277 8934749275 8934749264 5485726119 8934749255 8934749286 
12999023 19
8936462893 738813654 8900275038 8856174814 8741294710 8741294711 8900275039 8900275040 8900275041 8900275042 8900275043 8900275044 8807115918 8807115919 8807115920 8933730776 8927363856 4439743593 7194734187 
13002700 23
7194734187 4439743593 8831420055 8927529643 8933730773 6742138880 8807115909 8807115910 738813684 738814289 738815447 738814350 5118690560 8807115912 5118690545 5118690559 8741301521 738815241 738815799 738815835 738814364 738814565 8936462893 
13004747 33
8772715668 8205232235 8205232236 738815315 8751624853 738813681 738813509 738813771 738813975 7608990478 738815717 738815870 738813733 444395014 444394999 444394994 444394979 8770675677 444394956 444394950 8770675678 8770675679 8770675680 8770675681 8770675682 8770675683 8770675684 8770675685 8770739141 8939177163 8770739142 8770739143 8237661969 
13004748 35
8237661969 8770739144 8770739145 8770739146 8770739147 8770739148 8770739149 8770739150 8770739151 8770739152 8770739153 8946245806 8770739154 444394880 8770739155 8939177164 8770739156 738814455 444394809 444394790 738814410 8939177165 738815707 7629327424 738814514 738815806 738814370 738815825 738815382 8895558438 738814494 738813232 8813408796 8813408797 8772715668 
13004750 31
8849027506 8939177166 8741080068 8741080069 8741080070 1755811863 8205232241 8205232235 8205232236 738815315 8751624853 738813681 738813509 738813771 738813975 7608990478 738815717 738815870 738813733 444395014 444394999 8939177168 8939177169 4504060143 8821681976 8821681977 8821681978 7617390958 7617390959 7617390960 6695986187 
13004751 31
6695986187 7622858412 7622858413 8829926853 8829926854 8829926855 8939177170 8939177171 8939177172 444394790 738814410 8939177165 738815707 7629327424 738814514 738815806 738814370 738815825 738815382 8895558438 738814494 738813232 8813408796 8813408797 738814324 738813337 4421384524 8932663264 8741080064 8939177167 8849027506 
13009891 24
7185553797 481837228 8209169367 5321696621 8831817107 738813795 8920049617 738815690 8903312052 738815699 5068125721 8807115916 738815796 8741294707 5059726290 5059727803 738815788 738815502 738815036 8821681976 8943684247 8943684249 8943684251 8943684253 
13009892 26
8943684253 8943684252 8943684250 8943684248 8829926854 8829926855 738813809 738815210 8903312065 8898755900 738815328 738814414 8856174813 738814364 738813748 738815727 738815693 8903312084 738815713 8920049636 738814318 738813955 738813402 8209169360 8209169361 7185553797 
13009894 26
6695986187 8808907343 7622858413 8829926853 8829926854 8829926855 8939177170 8939177171 8939177172 444394994 444394979 8770675677 444394956 444394950 8770675678 8770675679 738814236 8846358751 8846358752 8846358753 8943684257 8943684259 8943684261 8943684263 8943684267 8943684268 
13009895 29
8943684268 8943684269 8943684266 8943684264 8943684262 8943684260 8943684258 8846358791 8846358793 738814732 8770739153 8946245806 8770739154 444394880 8770739155 8939177164 8770739156 738814455 444394809 8939177168 8939177169 4504060143 8821681976 8821681977 8821681978 7617390958 7617390959 7617390960 6695986187 
13015478 32
8237661969 8948067789 7893470208 8948067790 7860662663 8948067791 8948067792 8948067793 8948067794 8948067795 8948067796 8948067797 8948067798 8948067799 8948067800 8948067801 8948067802 8948067803 8948067805 8948067806 8948067807 8948067808 8948067809 8948067810 8948067811 8948067812 8948067813 8948067814 8948067815 8948067816 8948071417 5128206022 
13015479 35
8948071417 8948071419 8948071420 8948071421 8948071422 8948071423 8948071424 8948071425 8948071426 8948071427 8948071428 8948071429 8948071430 8948071431 8948071432 8948071433 8948071434 8948071435 8948071436 8948071437 8948071438 8948071439 8948071440 8948071441 8948071442 8948071443 8948071444 8948071445 8948071446 8948071447 5128206021 8948071448 8948071449 8948071450 8237661969 
13025124 36
8741080070 1755811863 8845469637 8205232235 8205232236 8895558431 738813681 8895558432 8900275037 446044131 8751624854 8751624855 738813226 8954351029 8954351031 8741294707 8895529058 8895529059 738815462 8813408802 738813553 8218246214 8766627151 8865361299 8954351032 8954351033 8954351035 8954351037 8821681980 8821681981 8821681982 8954351039 8347802015 8822946795 5485731419 8822946796 
13025125 33
8822946796 8822946798 8822946799 8347820953 8954351040 7294677886 7294698285 4224823335 8954351038 8954351036 8954351034 8954351045 8865361300 4914822521 738813636 8954351030 8954351028 8757875261 8751624831 446044133 8349461377 8900275036 738815382 8895558438 738814494 738813232 8813408796 8813408797 738814324 738813337 4421384524 738813325 8741080070 
13069525 32
738814627 738815565 7824856485 738814302 8990709060 738814321 8835043633 7056067374 8236303222 738814794 7056039276 8895558439 8739945230 481836709 8739945231 8739945232 2517061523 8925821815 8990709061 8990709062 8990709063 481836768 481836788 8990709064 8990709065 8990709066 8990709067 8990709068 8990709069 8990709070 8990709071 8990709072 
13074271 26
7825858601 7589589146 8835043629 738813697 738814313 8919736465 8995345609 8995345611 8995345613 8995345614 8995345615 8995345616 8995358217 8995358218 8995358219 8995358220 8919736509 8995358221 8990709064 8995358222 8995358223 8995358224 8995358225 8995358226 8995358227 8995358228 
13074272 26
8995358228 8995358230 8995358231 8995358232 8995358233 8995358234 8995358235 8995358236 8995358237 8919736508 8995358238 8995358239 8995358240 8995358241 8995358242 8995358243 8995358244 8995345612 8995358245 8995345610 8919736512 738815660 738814139 738813579 7821910475 7825858601 
13077850 35
738814627 738815662 8205232247 8209169359 738814833 7821910475 738815164 738814962 8895558434 8209169360 446043802 8919509902 8259365830 7178789816 8772715696 7178810616 8919509903 7178795558 8919509904 7178804713 7178812747 8997860535 7178750115 7178803504 8997860538 8997860540 8997860544 8997860546 8997860548 8997860550 8997860552 8997860554 8997860556 8997860558 8997860560 
13077851 34
8997860560 8997860559 8997860557 8997860555 8997860553 8997860551 8997860549 8997860547 8997860545 8997860541 8997860539 7178805765 8997860537 8997860536 7178812821 7178808033 7178811680 7178793083 7178803638 7178800459 7178788658 481837098 481837228 8209169367 5321696621 8835043628 8772715681 7589589146 738815334 5462421044 8895558436 738815124 738813580 738814627 
13081171 43
8971521318 8361021995 9000718235 9000718237 9000718239 9000718241 9000718243 9000718245 9000718247 9000718249 9000718255 9000718257 9000718259 9000718262 9000718265 9000718267 9000718269 9000718271 9000718296 9000718299 9000718301 9000718303 9000718305 9000718307 9000718309 9000718311 9000718313 9000718315 9000730717 9000730719 9000730721 9000730724 9000730728 9000730730 9000730732 9000730734 9000730736 9000730738 8808907411 8808907412 8808907413 8808907414 5719035021 
13081172 42
5719035021 8808913217 8808913218 8808913219 8808913220 9000730739 9000730737 9000730735 9000730733 9000730731 9000730729 9000730725 9000730722 9000730720 9000730718 9000718316 9000718314 9000718312 9000718310 9000718308 9000718306 9000718304 9000718302 9000718300 9000718297 9000718272 9000718270 9000718268 9000718266 9000718263 9000718261 9000718258 9000718256 9000718250 9000718248 9000718246 9000718244 9000718242 9000718240 9000718238 9000718236 8971521318 
13084716 30
8835043626 8831817105 738813955 5484103149 9003315131 9003315133 9003315135 9003315137 9003315139 9003315141 9003315143 9003315145 8772715698 9003315147 9003315149 9003315151 9003315155 9003315156 8895558470 8895558471 8895558461 8895558472 8895558458 9003315158 9003315160 9003315162 8925835929 8925835930 8919736512 8846358748 
13084717 30
8846358748 8919736465 8925821813 8925821814 9003315163 9003315161 9003315159 8895558457 8895558459 8895558460 8895558462 8895558463 9003315157 9003315154 9003315153 9003315150 9003315148 8772715697 9003315146 9003315144 9003315142 9003315140 9003315138 9003315136 9003315134 9003315132 5483657862 481837251 8831817109 8835043626 
13088554 43
8943744749 8943744748 8943744747 8846689632 8846689633 8943744750 8943744751 8770739149 8943744753 8943744755 8943744756 8943744758 8943744761 8943744762 8943744764 8943684260 8943684258 8846358791 8846358752 8846358793 738814732 8770739153 8846358794 8770739154 444394880 8770739155 8939177164 8770739156 738814455 444394809 444394790 738813593 7617390946 738813826 738813552 8903312065 8950695174 8841276448 8950695176 8950695178 8950695179 738813636 8218246200 
13088869 46
9005978402 9005978404 9005978406 9005978408 9005978410 9005978412 9005978414 9005978416 9006046618 9006046620 9006046622 9006046624 9006046626 9006046628 9006046630 9006046631 9006046633 9006046635 9006046637 9006046639 9006046641 9006046643 9006046645 9006046647 9006046649 9006046651 9006046652 9006046654 9006046656 9006046658 9006046660 9006046662 9006046664 9006046667 9006046669 9006046671 9006046673 9006046675 9006046677 9006046679 9006046681 9006046683 9006046685 9006046687 9006046689 8946031053 
13088870 45
8946031053 9006046690 9006046688 9006046686 9006046684 9006046682 9006046680 9006046678 9006046676 9006046674 9006046672 9006046670 9006046668 9006046665 9006046663 9006046661 9006046659 9006046657 9006046655 9006046653 7138497036 9006046650 9006046648 9006046646 9006046644 9006046642 9006046640 9006046638 9006046636 9006046634 9006046632 9006046629 9006046627 9006046625 9006046623 9006046621 9006046619 9006046617 9005978415 9005978413 9005978411 9005978409 9005978407 9005978405 9005978402 
13089093 38
8237661969 8948067789 7893470208 5128206022 8948067790 7860662663 8948067791 8948067792 9006204627 9006204629 9006204631 9006204633 9006204635 9006204637 9006204645 9006204647 9006204649 9006204651 9006204653 9006204655 9006204658 9006204660 9006204664 9006204666 9006204668 9006204671 9006204674 9006204676 9006204678 9006204680 9006204682 9006204684 9006046674 9006046672 9006046670 9006046668 9006204686 9006204688 
13089845 39
9006204688 9006204687 9006046667 9006046669 9006046671 9006046673 9006204685 9006204683 9006204681 9006204679 9006204677 9006204675 9006204673 9006204670 9006204667 9006204665 9006204663 9006204659 9006204656 9006204654 9006204652 9006204650 9006204648 9006204646 9006204638 9006204636 9006204634 9006204632 9006204630 9006204628 8948071444 8948071445 8948071446 8948071447 5128206021 8948071448 8948071449 8948071450 8237661969 
13089847 29
8898755902 8821681981 8821681982 8821681983 8831420043 8831420044 8831420045 8831420046 8831420047 9006708301 9006708303 9006708304 9006708306 9006708308 9006708310 9006708312 9006708314 9006708316 9006720518 9006720520 9006720522 9006720524 9006720526 9006720528 9006720530 9006720532 9006720534 9006720536 9006720538 
13089848 28
9006720538 9006720537 9006720535 9006720533 9006720531 9006720529 9006720527 9006720525 9006720523 9006720521 9006720519 9006720517 9006708315 9006708313 9006708311 9006708309 9006708307 9006708305 9006708302 7294698185 963363560 7294698186 963363533 7294678088 8829926851 7294677886 7294698285 8898755902 
13091198 43
8237661969 8770739144 8770739145 9007633027 9007633029 9007633049 9007633051 9007633053 9007633055 9007633057 9007633059 9007633061 9007633063 9007633065 9007633067 9007633069 9007633071 9007633114 9007633116 9007641818 9007641820 9007641822 9007641824 9007641826 9007641828 9007641830 9006046627 9006046625 9006046623 9006046621 9006046619 9007641832 9007641834 9007641836 9007641838 9007641840 9007641842 9007641854 9007641855 9007641861 9007641863 9007641865 9007641867 
13091199 43
9007641867 9007641866 9007641864 9007641862 9007641860 9007641853 9007641843 9007641841 9007641839 9007641837 9007641835 9007641833 9006046618 9006046620 9006046622 9006046624 9006046626 9007641831 9007641829 9007641827 9007641825 9007641823 9007641821 9007641819 9007641817 9007633115 9007633072 9007633070 9007633068 9007633066 9007633064 9007633062 9007633060 9007633058 9007633056 9007633054 9007633052 9007633050 9007633048 9007633028 8770739142 8770739143 8237661969 
13091438 41
8218246200 738813553 8813408788 8950695177 8838269683 8950695175 738815788 738813563 8829926856 8755733283 8755733284 444394999 444394994 444394979 8770675677 444394956 444394950 8846358750 8770675679 738814236 8846358751 8944376754 8846358753 8943684257 8943684259 8943744765 8943744763 8943744760 8943744759 8943744757 8956568593 8943744754 8770675683 8956568592 8943744752 8944376750 8845983494 8944376751 8944376752 8944376753 8943744749 
13094893 32
8898755902 8900644420 8821681981 8821681982 8821681983 8807115925 9009781172 9009781179 9009781181 9009781183 9009781185 9009781187 9009781189 9009781191 9009781193 9009781195 9009795220 9009795222 9009795224 9009795226 9009795228 9009795230 9009795232 9009795235 9009795237 9009795245 9009795247 9009795249 9009795251 9009795253 9009795255 9009795257 
13094894 30
9009795257 9009795256 9009795254 9009795252 9009795250 9009795248 9009795246 9009795238 9009795236 9009795233 9009795231 9009795229 9009795227 9009795225 9009795223 9009795221 9009781196 9009781194 9009781192 9009781190 9009781188 9009781186 9009781184 9009781182 9009781173 8807115904 8829926851 7294677886 7294698285 8898755902 
13096087 41
9010637657 9010637659 8946031027 8946031028 9010637661 9010637663 9010637665 9010637667 9010637669 9010637671 9010637693 9010637695 9010637697 9010637699 9010637701 9010637703 9010637705 9010637708 9010637710 9010637712 9010637714 9010637716 9010673524 9010673526 9010673528 9010673530 9010673532 9010673534 9010673536 9010673538 9010673540 9010673542 9010673544 9010673546 9010673548 9010673550 9010673552 9010673554 9010673556 9010673558 9010673560 
13096088 42
9010673560 9010673559 9010673557 9010673555 9010673553 9010673551 9010673549 9010673547 9010673545 9010673543 9010673541 9010673539 9010673537 9010673535 9010673533 9010673531 9010673529 9010673527 9010673525 9010673517 9010637715 9010637713 9010637711 9010637709 9010637706 9010637704 9010637702 9010637700 9010637698 9010637696 9010637694 9010637672 9010637670 9010637668 9010637666 9010637664 9010637662 8946656565 8946656566 8946656567 9010637660 9010637657 
13101149 39
8237661969 8770739144 8770739145 8770739146 8770739147 8956568592 8943744752 8944376750 9014725458 9014725460 9014725462 9014725464 9014725466 9014725468 9013469857 9013469855 9014725470 8808907350 8945948099 8808907351 8808907361 9014725471 9014725473 9014725475 9014725477 9014725485 9014725487 9014725489 9014725492 9014725494 9014725496 9014725498 9014725500 9014725502 9014725504 9014725506 8971521333 8971521331 4211959991 
13101150 38
4211959991 8971521332 9014725507 9014725505 9014725503 9014725501 9014725499 9014725497 9014725495 9014725493 9014725490 9014725488 9014725486 9014725478 9014725476 9014725474 9014725472 8808913243 8808913244 8808913245 9013469853 9013469854 9013469856 9014725469 9014725467 9014725465 9014725463 9014725461 9014725459 8943744750 8943744751 8770675684 8770675685 8770739141 8939177163 8770739142 8770739143 8237661969 
13113492 28
8821681981 8821681982 8821681983 8831420043 8831420044 8831420045 8831420046 8831420047 8831420048 8831420049 8831420050 8831420051 8831420052 9025161129 9025161131 9025161133 9025161135 9025161137 9025161139 9025161141 9025161204 9025161206 9025161209 9025161210 9025161212 9025161214 9025161216 9025164718 
13113493 29
9025164718 9025164717 9025161215 9025161213 9025161211 9025161208 9025161207 9025161205 9025161142 9025161140 9025161138 9025161136 9025161134 9025161132 9025161130 8831420060 8831420061 8831420062 8831420063 8831420064 7294698185 963363560 7294698186 963363533 7294678088 8829926851 7294677886 7294698285 8898755902 
13114783 44
9025879836 9025879837 9025879839 9025879841 9025879843 9025161210 9025161212 9025161214 9025161216 9025879845 9025879847 9025879848 9025879849 9025879850 9025879851 9025879852 9025879853 9025879854 9025879855 9025879856 9025879857 9025879858 9025879859 9025879860 9025879861 9025879862 9025879863 9025879864 9025879865 9025879866 9025879867 9025879868 9025879869 9025879870 9025879846 9025164717 9025161215 9025161213 9025161211 9025879844 9025879842 9025879840 9025879838 9025879836 
13114784 44
9025879836 9025879837 9025879839 9025879841 9025879843 9025161210 9025161212 9025161214 9025161216 9025879845 9025879894 9025879893 9025879892 9025879891 9025879890 9025879889 9025879888 9025879887 9025879886 9025879885 9025879884 9025879883 9025879882 9025879881 9025879880 9025879879 9025879878 9025879877 9025879876 9025879875 9025879874 9025879873 9025879872 9025879871 9025879846 9025164717 9025161215 9025161213 9025161211 9025879844 9025879842 9025879840 9025879838 9025879836 
13123383 30
8772715668 738814324 738813337 4421384524 738813325 8237141711 738815872 738815864 436176914 1927580771 8853934332 1928641076 8853934333 8853934334 9024366548 9024366550 9024366552 9024366554 9024366556 9024366558 9024366560 9024366562 9024366564 9024366566 9032499794 9032499797 9032499798 9032499800 9032499803 9032499804 
13123384 28
9032499804 9032499802 9032499801 9032499799 9032499796 9032499795 9024366567 9024366565 9024366563 9024366561 9024366559 9024366557 9024366555 9024366553 9024366551 9024366549 8856174804 8856174805 1928641073 738814358 1927580770 738813839 8856174806 1927591121 1927591119 8741080070 1755811863 8772715668 
13123386 38
8772715668 738814324 738813337 4421384524 738813325 8237141711 738815872 738815864 436176914 1927580771 8853934332 1928641076 8853934333 8853934334 9024366548 9024366550 9024366552 9024366554 9024366556 9024366558 9024366560 9024366562 9024366564 9024366566 9024366568 9024366572 9024366573 9024366575 9024366577 9024366579 9024366581 9024366584 9024366586 9024366591 9032499805 9032499807 9032499809 9032499811 
13123387 36
9032499811 9032499810 9032499808 9032499806 9024366592 9024366587 9024366585 9024366582 9024366580 9024366578 9024366576 9024366574 9024366570 9024366569 9024366567 9024366565 9024366563 9024366561 9024366559 9024366557 9024366555 9024366553 9024366551 9024366549 8856174804 8856174805 1928641073 738814358 1927580770 738813839 8856174806 1927591121 1927591119 8741080070 1755811863 8772715668 
13123897 29
8835043626 8831817105 738813955 738813402 8209169360 446043802 8919509902 8259365830 7178789816 8772715696 7178810616 8919509903 7178795558 8919509904 8919509905 8919509906 8919509907 8919509908 9032745589 9032745591 9032745594 9032745595 9032745598 9032745600 9032745602 9032745603 9032745606 9032745608 9032745609 
13123898 28
9032745609 9032745607 9032745605 9032745604 9032745601 9032745599 9032745597 9032745596 9032745593 9032745592 9032745590 6546414572 9032745610 9032745611 9032745612 9032745613 7178811680 7178793083 7178803638 7178800459 7178788658 481837098 481837228 8209169367 5321696621 481837251 8831817109 8835043626 
13224090 44
8772715668 738814324 738813337 4421384524 738813325 8237141711 738815872 738815864 436176914 1927580771 8853934332 1928641076 8853934333 8853934334 9024366548 9024366550 9024366552 9024366554 9024366556 9024366558 9024366560 9024366562 9024366564 9024366566 9024366568 9024366572 9024366573 9024366575 9024366577 9024366579 9024366581 9024366584 9024366586 9024366591 9024366593 9024366596 9024366597 9024366599 9100359339 9100359341 9100359343 9100359345 9100359347 9100359349 
13224091 42
9100359349 9100359348 9100359346 9100359344 9100359342 9100359340 9100359338 9024366598 9024366595 9024366594 9024366592 9024366587 9024366585 9024366582 9024366580 9024366578 9024366576 9024366574 9024366570 9024366569 9024366567 9024366565 9024366563 9024366561 9024366559 9024366557 9024366555 9024366553 9024366551 9024366549 8856174804 8856174805 1928641073 738814358 1927580770 738813839 8856174806 1927591121 1927591119 8741080070 1755811863 8772715668 
13224093 44
8772715668 738814324 738813337 4421384524 738813325 8237141711 738815872 738815864 436176914 1927580771 8853934332 1928641076 8853934333 8853934334 9024366548 9024366550 9024366552 9024366554 9024366556 9024366558 9024366560 9024366562 9024366564 9024366566 9024366568 9024366572 9024366573 9024366575 9024366577 9024366579 9024366581 9100359351 9100359352 9100359354 9100359356 9100359358 9100359360 9100359362 9100359364 9100359366 9007641861 9007641863 9007641865 9007641867 
13224094 42
9007641867 9007641866 9007641864 9007641862 9100359367 9100359365 9100359363 9100359361 9100359359 9100359357 9100359355 9100359353 9100359350 9024366582 9024366580 9024366578 9024366576 9024366574 9024366570 9024366569 9024366567 9024366565 9024366563 9024366561 9024366559 9024366557 9024366555 9024366553 9024366551 9024366549 8856174804 8856174805 1928641073 738814358 1927580770 738813839 8856174806 1927591121 1927591119 8741080070 1755811863 8772715668 
