2676
444395014|10|44 05 60B 01 02 27 29 68 21A 21B 
738813238|4|44 04 18 42 
738813565|4|44 04 18 42 
738813593|6|44 05 60B 60A 29 105 
738813733|8|44 05 60B 01 02 27 21A 21B 
738813771|4|44 26 21A 21B 
738813975|5|44 99 26 21A 21B 
738814284|3|44 05 29 
738814459|1|44 
738815334|6|44 42 02 03A 49 43 
738815717|7|44 18 01 02 09B 21A 21B 
738815870|6|44 01 02 27 21A 21B 
6695986187|16|44 44 16 16 09B 09B 109 109 21B 21B 22B 22B 88 88 74 74 
7162770672|2|44 18 
7589589146|9|44 42 44 24 02 03A 49 69 43 
7608990478|7|44 23 18 26 12 21A 21B 
7617390946|6|44 05 60B 60A 29 105 
7617390947|3|44 05 29 
7617390955|3|44 05 29 
7617390956|2|44 29 
7617390957|2|44 29 
7617390958|9|44 60B 104 60A 29 21B 22B 88 74 
7617390959|9|44 60B 104 60A 29 21B 22B 88 74 
738813777|2|23 26 
738813781|1|23 
738814463|1|23 
738814496|1|23 
738815106|6|23 18 26 31 47B 08A 
7603055514|1|23 
7824856485|4|23 31 08A 52A 
7824915632|3|23 99 18 
7824915633|3|23 99 18 
7824915634|2|23 18 
7824915645|4|23 01 02 09B 
6666528584|2|BRT01 BRT01 
8237661948|6|BRT01 BRT01 99 99 18 50 
8237661949|2|BRT01 BRT01 
8237661950|2|BRT01 BRT01 
8237661951|2|BRT01 BRT01 
8237661952|2|BRT01 BRT01 
8237661953|2|BRT01 BRT01 
8237661954|2|BRT01 BRT01 
8237661955|2|BRT01 BRT01 
8237661956|2|BRT01 BRT01 
8237661957|2|BRT01 BRT01 
8237661958|2|BRT01 BRT01 
8237661959|2|BRT01 BRT01 
8237661960|2|BRT01 BRT01 
8237661961|2|BRT01 BRT01 
8237661962|2|BRT01 BRT01 
8237661963|2|BRT01 BRT01 
8237661964|2|BRT01 BRT01 
8237661965|2|BRT01 BRT01 
8237661966|2|BRT01 BRT01 
8237661967|2|BRT01 BRT01 
8237661968|2|BRT01 BRT01 
8237661969|20|BRT01 BRT01 01 01 02 02 27 27 21A 21A 72 72 89 89 114 114 91 91 66 66 
481836709|3|11 100 52A 
481836867|1|11 
481837167|1|11 
738813615|7|11 04 18 31 14 08A 08A 
738813955|10|11 18 01 03A 47A 14 100 22A 98 10B 
738814587|7|11 04 18 31 86 08A 08A 
738814627|6|11 11 09B 52A 43 43 
738815474|1|11 
738815662|3|11 09B 43 
2517061523|3|11 100 52A 
5484103149|2|11 98 
5561070622|5|11 04 31 02 49 
8205232247|3|11 03A 43 
8209169361|4|11 01 03A 22A 
8259355482|1|11 
8259365830|5|11 42 122 43 10B 
8259365848|1|11 
8259365871|4|11 04 18 31 
8739945228|1|11 
8739945229|1|11 
8739945230|2|11 52A 
8739945231|3|11 100 52A 
8739945232|3|11 100 52A 
8739945233|1|11 
8739945234|1|11 
8739945235|1|11 
8739945236|2|11 11 
481836829|2|11 100 
481836891|1|11 
481836920|1|11 
481837098|5|11 42 122 43 10B 
481837251|6|11 03A 47A 100 98 10B 
481837399|2|11 100 
738813580|3|11 03A 43 
738814872|5|11 04 18 08A 08B 
738815124|3|11 03A 43 
995292341|1|11 
995292569|1|11 
5362040321|2|11 08A 
5483657862|2|11 98 
7132790440|6|11 04 18 14 08A 08B 
7185553797|9|11 01 01 03A 03A 122 122 22A 22A 
8739945237|1|11 
8739945238|1|11 
8739945239|1|11 
8739945240|2|11 100 
8739945241|2|11 100 
8739945242|1|11 
8739945243|1|11 
8739945244|3|11 03A 122 
8739945245|1|11 
8739945246|5|11 01 03A 49 08B 
446044163|4|04 26 42 47B 
446044211|4|04 26 42 47B 
738813325|16|04 99 16 60B 104 106 60A 12 03B 08A 28 06A 06B 06C 06D 06E 
738814388|1|04 
738815407|2|04 18 
8213181379|2|04 42 
8741080045|3|04 26 42 
8741080046|1|04 
8741080047|2|04 106 
8741080048|1|04 
8741080049|1|04 
8741080050|1|04 
8741080051|1|04 
8741080052|1|04 
8741080059|1|04 
8741080060|1|04 
8741080061|1|04 
8741080062|1|04 
8741080063|2|04 99 
8741080064|3|04 99 21B 
8741080065|3|04 99 60A 
8741080066|2|04 04 
8775195821|2|04 42 
8831817104|4|04 86 08A 08B 
8835043626|18|04 04 24 24 47A 47A 50 50 100 100 08A 08A 08B 08A 98 98 10B 10B 
446044220|2|04 42 
738813235|4|04 26 42 47B 
738814750|1|04 
738814817|1|04 
738814879|2|04 42 
7821883016|4|04 18 42 44 
8741080067|3|04 99 60A 
8741080068|3|04 99 21B 
8741080069|4|04 99 08A 21B 
8741080070|23|04 99 16 16 60B 60B 104 104 106 60A 12 03B 03B 08A 08A 21B 28 28 06A 06B 06C 06D 06E 
8741080071|1|04 
8741080072|1|04 
8741080073|1|04 
8741080074|1|04 
8741080075|1|04 
8741080076|1|04 
8741080077|1|04 
8741080078|1|04 
8741080079|1|04 
8741080080|1|04 
8741080081|1|04 
8741080082|4|04 26 42 47B 
8831817108|4|04 47A 08A 08A 
738813553|9|09A 26 07 24 27 49 28 20A 105 
738814001|2|09A 18 
738815373|2|09A 09B 
738815421|1|09A 
738815469|2|09A 02 
738815828|1|09A 
4292651591|2|09A 02 
4292785590|2|09A 02 
4476131489|1|09A 
5485662135|6|09A 09A 09B 09B 14 14 
8741294704|2|09A 18 
8741294705|1|09A 
8741294706|1|09A 
8741294707|6|09A 12 27 22A 28 107 
8741294708|1|09A 
8741294709|3|09A 25 68 
8741294710|3|09A 25 90 
8741294711|3|09A 25 90 
8741294712|2|09A 68 
8741294713|1|09A 
8741294714|1|09A 
8741294715|1|09A 
8925900874|2|09A 09A 
738813577|1|09A 
738813746|1|09A 
738814345|1|09A 
738814864|1|09A 
738815133|1|09A 
738815169|3|09A 02 08A 
738815241|3|09A 68 90 
738815799|5|09A 07 24 90 20A 
738815835|3|09A 27 90 
3887711843|3|09A 02 08A 
4448611389|5|09A 09B 86 08A 08A 
5118690545|3|09A 25 90 
8741301517|1|09A 
8741301518|1|09A 
8741301519|1|09A 
8741301520|2|09A 68 
8741301521|4|09A 25 68 90 
8741301522|1|09A 
8741301523|2|09A 14 
8741301524|2|09A 14 
8741301525|1|09A 
446044133|3|99 25 28 
738813337|16|99 16 22C 106 12 03B 29 08A 08B 21B 28 06A 06B 06C 06D 06E 
738814010|2|99 18 
738814324|15|99 16 22C 106 12 03B 08A 08B 21B 28 06A 06B 06C 06D 06E 
738814494|8|99 18 03A 25 08B 21A 21B 28 
4421384524|16|99 16 22C 106 12 03B 29 08A 08B 21B 28 06A 06B 06C 06D 06E 
7169064143|3|99 42 106 
8205232237|2|99 18 
8349461376|1|99 
8349461377|3|99 25 28 
8349461378|1|99 
8751624829|3|99 25 50 
8751624830|3|99 25 50 
8751624831|4|99 25 49 28 
8751624832|2|99 18 
8751624833|1|99 
8751624834|1|99 
8751624835|1|99 
8751624836|1|99 
8751624837|2|99 08B 
8751624838|1|99 
8751624839|1|99 
8751624840|1|99 
8751624841|1|99 
8751624842|1|99 
8751624843|2|99 99 
446044131|3|99 25 28 
738813681|9|99 18 03A 25 47B 08A 21A 21B 28 
1755811863|16|99 16 106 22C 12 03B 29 08A 08A 21B 28 06A 06B 06C 06D 06E 
4405443689|4|99 42 106 29 
8205232241|4|99 16 106 21B 
8349461379|1|99 
8349461380|1|99 
8751624844|1|99 
8751624845|1|99 
8751624846|1|99 
8751624847|1|99 
8751624848|1|99 
8751624849|2|99 08A 
8751624850|1|99 
8751624851|1|99 
8751624852|1|99 
8751624853|4|99 16 21A 21B 
8751624854|3|99 25 28 
8751624855|4|99 25 49 28 
8751624856|3|99 25 50 
8751624857|3|99 25 50 
738813332|2|05 60B 
738813591|2|05 60B 
738813734|2|05 60B 
738814333|2|05 60B 
738814934|3|05 05 60A 
738815095|1|05 
4273838289|4|05 104 106 60A 
6832637185|4|05 29 13 20A 
8236289492|2|05 104 
8236289500|2|05 60A 
8236289502|2|05 104 
8236289507|3|05 104 60A 
8236289508|2|05 60B 
8236303241|1|05 
8236303281|1|05 
8236303286|5|05 60B 22C 60A 29 
8236303297|2|05 09B 
8236303305|2|05 09B 
8236303317|2|05 97 
8236303325|2|05 60B 
8237141691|2|05 05 
8237141695|1|05 
8237141697|1|05 
8237141698|1|05 
8237141705|2|05 97 
8237141707|2|05 97 
444394790|9|05 01 02 60A 27 29 21A 21B 105 
444394999|9|05 01 02 60A 27 29 21A 21B 105 
738814410|9|05 44 60B 01 02 27 68 21A 21B 
738814467|2|05 60B 
738814966|5|05 60B 22C 60A 29 
7622910381|3|05 44 29 
7622910382|3|05 44 29 
7622910383|3|05 44 29 
8755733270|1|05 
8755733271|1|05 
8755733272|1|05 
8755733273|3|05 29 20A 
8755733274|1|05 
8755733275|2|05 97 
8755733276|2|05 97 
8755733277|2|05 97 
8755733278|2|05 09B 
8755733279|1|05 
8755733280|2|05 104 
8755733281|2|05 104 
8755733282|1|05 
8755733283|3|05 60A 105 
8755733284|4|05 60B 60A 105 
8755733285|2|05 60B 
8755733286|2|05 60B 
8755733287|2|05 60B 
8755733288|2|05 60B 
8755733289|2|05 60B 
8755733290|4|05 104 106 60A 
738813467|2|18 08A 
738813898|1|18 
738814080|2|18 09B 
738814363|3|18 26 47B 
738814480|1|18 
738814544|2|18 49 
738814565|2|18 90 
738814670|2|18 01 
738814683|1|18 
738814839|1|18 
738815121|1|18 
738815214|1|18 
738815268|2|18 02 
738815693|3|18 50 22A 
738815727|5|18 50 22A 107 107 
8757875250|4|18 18 47B 47B 
8757875251|4|18 18 47B 08A 
8757875252|1|18 
8757875253|1|18 
8757875254|2|18 01 
8823633595|1|18 
446044156|1|18 
446044160|1|18 
738813355|2|18 50 
738813427|2|18 47B 
738813654|4|18 25 90 107 
738813683|3|18 42 44 
738813795|3|18 14 22A 
738813833|1|18 
738814448|3|18 42 44 
738814514|6|18 26 44 12 21A 21B 
738814705|1|18 
738815117|1|18 
738815785|1|18 
738815806|6|18 26 44 12 21A 21B 
998227594|1|18 
7629327424|6|18 44 01 02 21A 21B 
7821883015|2|18 44 
7825858603|3|18 02 49 
8757875257|3|18 26 47B 
8757875258|1|18 
8757875259|1|18 
8757875260|1|18 
8757875261|3|18 49 28 
8757875262|2|18 50 
8831817110|3|18 31 24 
738813509|3|26 21A 21B 
738813514|3|26 12 50 
738813690|3|26 12 09B 
738814268|2|26 42 
738814309|2|26 47B 
738814414|4|26 12 22A 107 
738814536|2|26 12 
738814805|2|26 49 
738815328|5|26 12 09B 22A 107 
738815746|3|26 12 09B 
5485775799|3|26 49 13 
8218246214|8|26 16 07 09B 27 49 28 20A 
8766627148|2|26 26 
8766627149|2|26 42 
8766627150|2|26 12 
8766627151|7|26 16 09B 27 49 28 20A 
8766627152|6|26 16 09B 27 49 20A 
8766627153|5|26 16 27 49 20A 
8766627154|5|26 16 27 49 20A 
8766627155|1|26 
8766627156|2|26 97 
8766627157|1|26 
8766627158|2|26 26 
738813535|5|26 16 27 49 20A 
738813636|5|26 27 49 28 105 
738814039|2|26 47B 
738814370|4|26 44 21A 21B 
738814398|2|26 12 
738814515|3|26 12 50 
738814870|3|26 12 50 
738815021|2|26 42 
738815378|2|26 49 
738815382|5|26 25 21A 21B 28 
738815665|5|26 16 27 49 20A 
738815716|3|26 12 09B 
738815825|4|26 44 21A 21B 
2545040560|4|26 29 49 20A 
4914822521|8|26 16 07 09B 27 49 28 20A 
5059726290|6|26 12 09B 27 22A 107 
5059731444|3|26 12 09B 
8766627159|1|26 
8766627160|2|26 97 
8766627161|1|26 
8766627162|6|26 16 09B 27 49 20A 
8766627163|2|26 49 
8766627164|3|26 31 31 
8766627165|4|26 31 47B 08A 
8766627166|2|26 42 
446043802|3|42 43 10B 
738813402|4|42 01 22A 10B 
738814833|4|42 44 03A 43 
738815164|4|42 24 03A 43 
7178789816|4|42 122 43 10B 
7821910475|6|42 44 24 03A 69 43 
8209169360|7|42 01 03A 100 22A 43 10B 
8772715668|22|42 42 22C 22C 03A 03A 25 25 29 29 21A 21A 06A 06A 06B 06B 06C 06C 06D 06D 06E 06E 
8772715669|2|42 106 
8772715671|2|42 106 
8772715674|1|42 
8772715696|4|42 122 43 10B 
8772715697|2|42 98 
8772715699|2|42 42 
481837228|5|42 01 22A 43 10B 
738815218|2|42 86 
5321696621|7|42 01 03A 100 22A 43 10B 
7178788658|4|42 122 43 10B 
7178800459|4|42 122 43 10B 
8209169367|7|42 01 03A 100 22A 43 10B 
8772715672|2|42 106 
8772715673|1|42 
8772715681|4|42 24 03A 43 
8772715698|2|42 98 
738813335|2|44 29 
738813696|1|44 
738813826|5|44 60B 60A 29 105 
738813831|2|44 29 
738815707|8|44 01 02 104 27 68 21A 21B 
7622858412|3|44 29 21B 
7622858413|9|44 60B 104 60A 29 21B 22B 88 74 
7622885212|2|44 29 
7622885213|2|44 29 
7622915971|2|44 29 
7629327423|4|44 01 02 27 
738813232|9|16 03A 03B 25 08A 08B 21A 21B 28 
738813341|5|16 24 27 50 68 
738813645|5|16 24 09B 27 68 
738814575|4|16 24 27 50 
7056032822|4|16 24 09B 27 
7617390960|10|16 60B 60A 09B 29 109 21B 22B 88 74 
8813408787|6|16 60B 60A 97 29 109 
8813408788|5|16 24 09B 68 105 
8813408789|3|16 24 09B 
8813408790|3|16 24 68 
8813408792|5|16 24 09B 27 68 
8813408793|2|16 24 
8813408794|2|16 24 
8813408795|2|16 24 
8813408796|10|16 12 03A 03B 25 08A 08B 21A 21B 28 
8813408797|10|16 12 03A 03B 25 08A 08B 21A 21B 28 
738814593|3|16 09B 27 
738815257|2|16 24 
738815315|3|16 21A 21B 
738815462|5|16 24 09B 27 28 
738815858|5|16 24 27 50 68 
5485887885|2|16 24 
7298159285|6|16 60B 60A 97 29 109 
8205232235|10|16 12 03A 03B 25 08A 08A 21A 21B 28 
8205232236|9|16 03A 03B 25 08A 08A 21A 21B 28 
8813408798|2|16 24 
8813408799|5|16 24 09B 27 68 
8813408800|4|16 24 27 68 
8813408801|3|16 24 68 
8813408802|6|16 24 09B 27 68 28 
8813408803|6|16 60B 60A 97 29 109 
738813552|3|60B 60A 105 
738813730|2|60B 60A 
738814832|4|60B 104 22C 29 
738815036|5|60B 60A 50 22A 107 
738815502|5|60B 60A 50 22A 107 
738815813|6|60B 07 60A 27 14 109 
8807115895|4|60B 60B 25 25 
8807115925|4|60B 25 122 112 
8807115926|2|60B 25 
8821681975|3|60B 22C 29 
8821681976|6|60B 60A 50 21B 22A 22B 
8821681977|5|60B 60A 50 21B 22B 
8821681978|5|60B 60A 50 21B 22B 
8821681979|6|60B 07 60A 27 14 109 
8821681980|7|60B 07 60A 27 14 109 28 
8821681981|9|60B 07 60A 14 109 28 35B 112 56A 
8821681982|9|60B 07 60A 14 109 28 35B 112 56A 
8821681983|6|60B 07 109 35B 112 56A 
738813415|1|31 
738813803|2|31 86 
738813884|1|31 
738815168|1|31 
738815293|1|31 
738815889|2|31 08A 
4559411156|1|31 
5061383221|3|31 09B 08A 
5485731419|2|31 28 
8347802015|2|31 28 
8807115915|2|31 08A 
8822946769|2|31 49 
8822946771|2|31 50 
8822946772|3|31 50 86 
8822946773|1|31 
8822946774|1|31 
8822946775|1|31 
8822946776|1|31 
8822946786|1|31 
8822946787|1|31 
8822946788|1|31 
8822946789|1|31 
8822946790|1|31 
8822946791|1|31 
8822946792|1|31 
8822946793|1|31 
8822946794|1|31 
8822946795|2|31 28 
8822946796|4|31 31 28 28 
738813307|2|31 50 
738813372|1|31 
738813432|1|31 
738813822|2|31 09B 
738814378|1|31 
738815149|2|31 50 
738815312|3|31 09B 08A 
738815565|3|31 08A 52A 
738815750|2|31 86 
963363896|2|31 86 
1008753034|3|31 09B 08A 
5561075722|3|31 50 86 
8347820953|2|31 28 
8822946798|2|31 28 
8822946799|2|31 28 
8822946800|1|31 
8822946801|1|31 
8822946802|1|31 
8822946803|1|31 
8822946804|1|31 
8822946805|1|31 
8822946806|1|31 
8822946807|1|31 
8822946808|1|31 
8822946809|1|31 
8822946811|1|31 
8822946812|1|31 
8822946813|1|31 
8822946814|1|31 
8822946815|1|31 
8831817107|4|31 01 14 22A 
738813563|3|60B 60A 105 
738813809|5|60B 60A 50 22A 107 
738815210|5|60B 60A 50 22A 107 
738815777|6|60B 07 60A 27 14 109 
4224823335|7|60B 07 60A 27 14 109 28 
7294677886|9|60B 07 60A 14 109 28 35B 112 56A 
7294678089|6|60B 07 60A 27 14 109 
7294698285|9|60B 07 60A 14 109 28 35B 112 56A 
8237141711|10|60B 60A 12 03B 08A 06A 06B 06C 06D 06E 
8807115903|2|60B 25 
8807115904|4|60B 25 122 112 
8808907343|6|60B 104 60A 22B 88 74 
8829926851|6|60B 07 109 35B 112 56A 
8829926852|5|60B 60A 27 109 13 
8829926853|5|60B 60A 50 21B 22B 
8829926854|6|60B 60A 50 21B 22A 22B 
8829926855|6|60B 60A 50 21B 22A 22B 
8829926856|3|60B 60A 105 
8829926857|4|60B 104 22C 29 
8829926858|3|60B 22C 29 
738813928|2|07 14 
738813966|2|07 14 
738815754|1|07 
4439743593|10|07 07 86 86 68 68 109 109 90 90 
4584884500|4|07 27 14 109 
8218246200|8|07 07 24 24 20A 20A 105 105 
8218246202|1|07 
8831420038|2|07 14 
8831420042|4|07 27 14 109 
8831420043|4|07 109 35B 56A 
8831420044|4|07 109 35B 56A 
8831420045|4|07 109 35B 56A 
8831420046|4|07 109 35B 56A 
8831420047|4|07 109 35B 56A 
8831420048|3|07 109 56A 
8831420049|3|07 109 56A 
8831420050|3|07 109 56A 
8831420051|3|07 109 56A 
8831420052|3|07 109 56A 
8831420053|2|07 109 
8831420054|2|07 109 
8831420055|3|07 109 90 
738815534|2|07 14 
963363533|4|07 109 35B 56A 
963363560|4|07 109 35B 56A 
4699035099|1|07 
7294678088|4|07 109 35B 56A 
7294698185|4|07 109 35B 56A 
7294698186|4|07 109 35B 56A 
7294698188|2|07 14 
7294698386|2|07 14 
8831420059|2|07 109 
8831420060|3|07 109 56A 
8831420061|3|07 109 56A 
8831420062|3|07 109 56A 
8831420063|3|07 109 56A 
8831420064|3|07 109 56A 
8831420065|4|07 27 14 109 
8831420066|4|07 27 14 109 
8852120925|1|07 
444394950|8|01 02 22C 27 68 21A 22B 105 
444394956|7|01 02 22C 27 21A 22B 105 
444394979|8|01 02 22C 27 68 21A 22B 105 
444394994|7|01 02 22C 27 21A 22B 105 
738813348|3|01 09B 49 
738813601|3|01 02 09B 
738814465|2|01 08B 
738815423|3|01 09B 49 
4017540901|1|01 
4794363122|1|01 
5061374323|1|01 
5061374324|3|01 02 09B 
7185567066|2|01 08B 
8770675677|7|01 02 22C 27 21A 22B 105 
8770675678|6|01 02 22C 27 21A 22B 
8770675679|8|01 02 22C 106 27 21A 22B 105 
8770675680|6|01 02 27 68 21A 89 
8770675681|5|01 02 27 21A 89 
8770675682|5|01 02 27 21A 89 
8770675683|6|01 02 27 21A 89 105 
8770675684|6|01 02 27 21A 89 66 
8770675685|6|01 02 27 21A 89 66 
8770739141|6|01 02 27 21A 89 66 
8770739142|7|01 02 27 21A 89 91 66 
8770739143|7|01 02 27 21A 89 91 66 
738813564|1|24 
738813697|2|24 69 
738814313|2|24 69 
738814519|2|24 03B 
7056039272|3|24 03B 47B 
7056039274|1|24 
8807115914|3|24 03B 47B 
8831817106|2|24 47A 
8835043628|3|24 03A 43 
8835043629|2|24 69 
8835043631|2|24 03B 
8835043632|2|24 03B 
738813579|2|24 69 
738814139|2|24 69 
738814794|4|24 03B 47B 52A 
738814962|3|24 03A 43 
738815658|3|24 03B 08A 
738815660|2|24 69 
7056039273|1|24 
7056039276|4|24 03B 47B 52A 
7056067374|3|24 03B 52A 
8236303222|3|24 03B 52A 
8835043633|3|24 03B 52A 
444394809|7|01 02 22C 27 21A 22B 105 
444394880|8|01 02 22C 27 68 21A 22B 105 
738813665|3|01 09B 49 
738813877|3|01 09B 49 
738814455|8|01 02 22C 27 68 21A 22B 105 
738815143|4|01 03A 49 08A 
738815776|2|01 08A 
738815809|3|01 02 09B 
8770739144|7|01 02 27 21A 89 91 66 
8770739145|7|01 02 27 21A 89 91 66 
8770739146|6|01 02 27 21A 89 66 
8770739147|6|01 02 27 21A 89 66 
8770739148|5|01 02 27 21A 89 
8770739149|6|01 02 27 21A 89 105 
8770739150|5|01 02 27 21A 89 
8770739151|5|01 02 27 21A 89 
8770739152|6|01 02 27 68 21A 89 
8770739153|9|01 02 106 22C 27 68 21A 22B 105 
8770739154|7|01 02 22C 27 21A 22B 105 
8770739155|7|01 02 22C 27 21A 22B 105 
8770739156|7|01 02 22C 27 21A 22B 105 
8836623314|1|01 
8939177164|5|01 22C 21A 22B 105 
8939177165|3|01 21A 21B 
738813900|1|02 
738814445|1|02 
738814946|2|02 08B 
738815823|1|02 
4539039489|2|02 08B 
7825858601|6|02 02 49 49 69 69 
8837631356|1|02 
8837631357|1|02 
8837631358|1|02 
446044145|1|02 
738813572|1|02 
738813973|1|02 
738814524|1|02 
738815820|1|02 
738813608|1|104 
5485707984|1|104 
8833029015|1|104 
8833070419|1|104 
8833070421|1|104 
8833070423|1|104 
8833070425|1|104 
8838269673|2|104 106 
8838269674|3|104 106 60A 
8838269675|3|104 106 60A 
8838269676|2|104 106 
8838269677|1|104 
8838269678|1|104 
8838269679|1|104 
8838269680|1|104 
8838269681|1|104 
8838269682|1|104 
8838269683|2|104 105 
8838269684|1|104 
8838269685|2|104 29 
8838269686|1|104 
8838269687|1|104 
8838269688|1|104 
8838269689|1|104 
8838269690|2|104 104 
738815286|1|104 
4273768191|2|104 60A 
8833029016|1|104 
8833070417|1|104 
8833070418|1|104 
8833070420|1|104 
8833070422|1|104 
8833070424|1|104 
8840893877|1|104 
8840893878|1|104 
8840893879|1|104 
8840893880|1|104 
8840893881|2|104 29 
8840893882|1|104 
8840893883|1|104 
8840893884|1|104 
8840893885|1|104 
8840893886|1|104 
8840893887|1|104 
8840893888|1|104 
8840893889|2|104 106 
8840893890|3|104 106 60A 
8840893891|3|104 106 60A 
8841276448|2|104 105 
8845983480|3|22C 60A 29 
8845983481|3|22C 60A 29 
8845983482|3|22C 60A 29 
8845983483|3|22C 60A 29 
8845983484|3|22C 60A 29 
8845983485|2|22C 89 
8845983486|2|22C 89 
8845983487|2|22C 89 
8845983488|2|22C 89 
8845983489|1|22C 
8845983490|1|22C 
8845983491|1|22C 
8845983492|1|22C 
8845983493|1|22C 
8845983494|2|22C 105 
8845983496|2|22C 22C 
738814236|3|106 22B 105 
8846358748|4|106 106 98 98 
8846358749|2|106 106 
8846358750|2|106 105 
8846358751|3|106 22B 105 
8846358752|3|106 22B 105 
8846358753|3|106 22B 105 
8846358754|1|106 
8846358755|1|106 
8846358756|1|106 
8846358757|1|106 
8846358758|1|106 
8846358759|1|106 
8846358760|1|106 
8846358761|1|106 
8846358762|1|106 
8846358763|1|106 
8846358764|1|106 
8846358765|1|106 
8846358766|1|106 
8846358767|1|106 
8846358768|1|106 
8846358769|1|106 
8846358770|1|106 
738814732|3|106 22B 105 
8772715670|1|106 
8846358774|1|106 
8846358775|1|106 
8846358776|1|106 
8846358777|1|106 
8846358778|1|106 
8846358779|1|106 
8846358780|1|106 
8846358781|1|106 
8846358782|1|106 
8846358783|1|106 
8846358784|1|106 
8846358785|1|106 
8846358786|1|106 
8846358787|1|106 
8846358788|1|106 
8846358789|1|106 
8846358790|1|106 
8846358791|3|106 22B 105 
8846358793|3|106 22B 105 
8946245806|3|106 21A 22B 
8846689632|2|22C 105 
8846689633|2|22C 105 
8846689634|1|22C 
8846689635|1|22C 
8846689636|1|22C 
8846689637|1|22C 
8846689638|1|22C 
8846689639|2|22C 89 
8846689640|2|22C 89 
8846689641|2|22C 89 
8846689642|3|22C 60A 29 
8846689643|3|22C 60A 29 
8846689644|3|22C 60A 29 
8846689645|3|22C 60A 29 
8846689646|3|22C 60A 29 
1927591119|8|60A 12 08A 06A 06B 06C 06D 06E 
8849027506|5|60A 60A 08B 21B 21B 
8849027507|1|60A 
8850985958|1|60A 
8850985959|1|60A 
8850985960|1|60A 
8850985961|1|60A 
8850985962|1|60A 
8850985964|3|60A 60A 13 
8852120920|2|60A 13 
8852120921|1|60A 
8852120922|1|60A 
8852120923|1|60A 
8852120924|1|60A 
8852120926|1|60A 
436176914|7|12 08A 06A 06B 06C 06D 06E 
738815019|1|12 
738815643|1|12 
738815864|7|12 08A 06A 06B 06C 06D 06E 
738815872|7|12 08A 06A 06B 06C 06D 06E 
1927580771|7|12 08A 06A 06B 06C 06D 06E 
1928641076|7|12 08A 06A 06B 06C 06D 06E 
8349461381|1|12 
8807115913|2|12 25 
8853934325|1|12 
8853934326|1|12 
8853934327|1|12 
8853934328|1|12 
8853934329|1|12 
8853934330|1|12 
8853934332|7|12 08A 06A 06B 06C 06D 06E 
8853934333|7|12 08A 06A 06B 06C 06D 06E 
8853934334|7|12 08A 06A 06B 06C 06D 06E 
8853934335|1|12 
8853934336|1|12 
8853934337|1|12 
8853934338|1|12 
8853934339|1|12 
8853934340|1|12 
8853934341|1|12 
8853934342|2|12 12 
8856191317|4|12 12 97 97 
738813839|7|12 08A 06A 06B 06C 06D 06E 
738814058|1|12 
738814358|7|12 08A 06A 06B 06C 06D 06E 
738815482|1|12 
738815674|1|12 
1927580770|7|12 08A 06A 06B 06C 06D 06E 
1927591121|7|12 08A 06A 06B 06C 06D 06E 
1928641073|7|12 08A 06A 06B 06C 06D 06E 
4893056431|1|12 
8845469637|4|12 08A 08A 28 
8856174797|1|12 
8856174798|1|12 
8856174799|1|12 
8856174800|1|12 
8856174801|1|12 
8856174802|1|12 
8856174803|1|12 
8856174804|7|12 08A 06A 06B 06C 06D 06E 
8856174805|7|12 08A 06A 06B 06C 06D 06E 
8856174806|7|12 08A 06A 06B 06C 06D 06E 
8856174807|1|12 
8856174808|1|12 
8856174809|1|12 
8856174810|1|12 
8856174811|1|12 
8856174812|1|12 
8856174813|3|12 22A 107 
8856174814|3|12 25 90 
8865361273|2|97 97 
8865361274|1|97 
8865361275|1|97 
8865361276|1|97 
8865361277|1|97 
8865361278|1|97 
8865361279|1|97 
8865361280|1|97 
8865361281|1|97 
8865361282|1|97 
8865361283|1|97 
8865361284|1|97 
8865361285|1|97 
8865361286|1|97 
8865361287|1|97 
8865361288|2|97 49 
8865361289|2|97 49 
8865361290|2|97 49 
8865361291|2|97 49 
8865361292|1|97 
8865361293|1|97 
8865361294|1|97 
8865361295|1|97 
8865361296|1|97 
8865361297|1|97 
8865361298|1|97 
8865361300|2|97 28 
8865361299|3|97 13 28 
8865361302|1|97 
8865361303|1|97 
8865361304|1|97 
8865361305|1|97 
8865361306|1|97 
8865361307|1|97 
8865361308|2|97 49 
8865361309|2|97 49 
8865361310|2|97 49 
8865361311|2|97 49 
8865361312|1|97 
8865361313|1|97 
8865361314|1|97 
8865361315|1|97 
8865361316|1|97 
8865385017|1|97 
8865385018|1|97 
8865385019|1|97 
8865385020|1|97 
8865385021|1|97 
8865385022|1|97 
8865385023|1|97 
8865385024|1|97 
8865385025|1|97 
8865385026|4|97 29 20A 92 
1008752617|1|09B 
8895529057|1|09B 
8895529058|3|09B 27 28 
8895529059|3|09B 27 28 
8895529060|1|09B 
8895529061|1|09B 
8895529062|1|09B 
738813333|2|03A 08A 
738813618|2|03A 08A 
8209169359|2|03A 43 
8895558431|6|03A 03B 25 08A 08A 28 
8895558432|4|03A 25 08A 28 
8895558434|3|03A 100 43 
5462421044|2|03A 43 
8895558433|2|03A 08B 
8895558436|2|03A 43 
8895558437|2|03A 08B 
8895558438|6|03A 25 08B 21A 21B 28 
8845469632|1|03B 
8895558439|2|03B 52A 
8895558445|1|03B 
8895558454|1|03B 
8895558455|1|03B 
8895558456|1|03B 
8895558457|2|03B 98 
8895558459|2|03B 98 
8895558460|2|03B 98 
8895558462|2|03B 98 
8895558463|2|03B 98 
8895558464|1|03B 
8895558465|1|03B 
8895558467|2|03B 03B 
8895558440|1|03B 
8895558446|1|03B 
8895558458|2|03B 98 
8895558461|2|03B 98 
8895558468|1|03B 
8895558469|1|03B 
8895558470|2|03B 98 
8895558471|2|03B 98 
8895558472|2|03B 98 
8895558473|1|03B 
8895558474|1|03B 
8895558475|1|03B 
8895558476|1|03B 
738815678|2|09B 08A 
738815734|2|09B 50 
4914822621|1|09B 
8770739205|1|09B 
8895739838|1|09B 
8895739839|1|09B 
8895739840|1|09B 
8895739841|1|09B 
8898755900|3|27 22A 107 
8898755901|2|27 109 
8898755902|8|27 27 35B 35B 112 112 56A 56A 
8898755904|2|27 109 
738815686|2|47A 47B 
4755947785|1|47A 
8900261008|1|47A 
8900261009|1|47A 
8900261010|1|47A 
8900261011|1|47A 
8900261012|1|47A 
8900261013|1|47A 
8900261014|1|47A 
8900261015|2|47A 47B 
8900261016|2|47A 47B 
8900275017|2|47A 47B 
8900275018|2|47A 47B 
8900275019|1|47A 
8900275020|2|47A 47A 
8900275022|2|47A 47B 
8900275023|2|47A 47B 
8900275024|2|47A 47B 
8900275025|2|47A 47B 
8900275026|2|47A 47B 
8900275027|2|47A 47B 
8900275028|1|47A 
8900275029|1|47A 
8900275030|1|47A 
8900275031|1|47A 
8900275032|1|47A 
8900275033|1|47A 
8900275034|1|47A 
8900275035|1|47A 
738813684|3|25 13 90 
738813748|3|25 22A 107 
738814289|3|25 13 90 
738814350|3|25 13 90 
738814364|4|25 90 22A 107 
738815447|3|25 13 90 
5118690559|2|25 90 
5118690560|3|25 13 90 
6742138880|2|25 90 
8807115905|1|25 
8807115906|1|25 
8807115907|1|25 
8807115908|1|25 
8807115909|2|25 90 
8807115910|2|25 90 
8807115911|2|25 68 
8807115912|3|25 13 90 
8900275036|2|25 28 
8807115917|1|25 
8807115918|3|25 68 90 
8807115919|2|25 90 
8807115920|2|25 90 
8807115921|1|25 
8807115922|1|25 
8807115923|1|25 
8807115924|1|25 
8900275037|2|25 28 
8900275038|3|25 90 107 
8900275039|2|25 90 
8900275040|2|25 90 
8900275041|2|25 90 
8900275042|2|25 90 
8900275043|2|25 90 
8900275044|2|25 90 
5059727803|3|27 22A 107 
8900644420|2|27 112 
8900644425|2|27 109 
738813403|2|29 20A 
738814297|1|29 
5485775798|2|29 20A 
8361021995|4|29 20A 20B 92 
8901852870|2|29 20A 
8901852871|2|29 20A 
8901852872|2|29 20A 
8901852873|2|29 20A 
8901852874|3|29 20A 92 
8901852875|3|29 20A 92 
8901852876|3|29 20A 92 
8901852877|3|29 20A 92 
8901852878|3|29 20A 92 
8901852879|3|29 20A 92 
8901852880|1|29 
8901852881|1|29 
8901852884|2|29 29 
481837146|1|50 
738815384|1|50 
738815690|2|50 22A 
738815699|2|50 22A 
738815788|4|50 22A 105 107 
8808907344|3|50 88 74 
8808907345|3|50 88 74 
8808907346|4|50 88 107 74 
8808907347|4|50 88 107 74 
8831817111|2|50 86 
8903312052|2|50 22A 
8903312053|1|50 
8903312054|1|50 
8903312055|1|50 
8903312056|1|50 
8903312058|2|50 50 
738813394|2|50 14 
738813622|1|50 
738813861|1|50 
738815713|2|50 22A 
8808913248|4|50 88 107 74 
8808913249|4|50 88 107 74 
8808913251|3|50 88 74 
8808913252|3|50 88 74 
8831817105|4|50 100 98 10B 
8903312061|1|50 
8903312062|1|50 
8903312064|1|50 
8903312065|4|50 22A 105 107 
8903312081|1|50 
8903312082|1|50 
8903312083|1|50 
8903312084|2|50 22A 
8903312085|1|50 
8903312086|1|50 
738813630|2|29 20A 
2545040669|2|29 20A 
8911997209|1|29 
8911997210|1|29 
8911997211|3|29 20A 92 
8911997212|3|29 20A 92 
8911997213|3|29 20A 92 
8911997214|3|29 20A 92 
8911997215|3|29 20A 92 
8911997216|4|29 49 49 20A 
8912013117|2|29 20A 
8912013118|2|29 20A 
8912013119|2|29 20A 
8912013120|2|29 20A 
8919736465|4|47B 100 69 98 
8919736466|1|47B 
8919736471|1|47B 
8919736472|1|47B 
8919736475|1|47B 
8919736477|1|47B 
8919736479|1|47B 
8919736482|1|47B 
8919736483|1|47B 
8919736485|1|47B 
8919736487|1|47B 
8919736489|1|47B 
8919736491|1|47B 
8919736493|1|47B 
8919736495|1|47B 
8919736497|1|47B 
8919736500|1|47B 
8919736501|1|47B 
8919736503|1|47B 
8919736505|1|47B 
8919736507|2|47B 47B 
8919736469|1|47B 
8919736473|1|47B 
8919736476|1|47B 
8919736478|1|47B 
8919736480|1|47B 
8919736481|1|47B 
8919736484|1|47B 
8919736486|1|47B 
8919736488|1|47B 
8919736490|1|47B 
8919736492|1|47B 
8919736494|1|47B 
8919736496|1|47B 
8919736498|1|47B 
8919736499|1|47B 
8919736502|1|47B 
8919736504|1|47B 
8919736506|1|47B 
8919736511|1|47B 
8919736512|4|47B 100 69 98 
8920049617|2|14 22A 
8920049618|1|14 
8920049619|1|14 
8920049620|1|14 
8920049621|1|14 
8920049622|1|14 
8920049623|1|14 
8920049624|2|14 13 
8920049626|2|14 14 
738814318|2|14 22A 
8920049629|1|14 
8920049630|1|14 
8920049631|1|14 
8920049632|1|14 
8920049633|1|14 
8920049634|1|14 
8920049635|1|14 
8920049636|2|14 22A 
738813226|2|49 28 
738813948|1|49 
738814528|1|49 
738814976|1|49 
738815783|1|49 
3146565103|2|49 08A 
8923111206|1|49 
8923111207|1|49 
8923111208|1|49 
8923111209|1|49 
738813910|1|49 
738815843|1|49 
6257442385|2|49 86 
8925798718|1|49 
8925798719|1|49 
8925798720|1|49 
8925798721|1|49 
8925798722|1|49 
8925821806|1|100 
8925821807|1|100 
8925821808|1|100 
8925821809|1|100 
8925821810|1|100 
8925821811|1|100 
8925821812|1|100 
8925821813|2|100 98 
8925821814|2|100 98 
8925821815|2|100 52A 
8925821816|1|100 
8925835917|1|100 
8925835918|1|100 
8925835919|1|100 
8925835920|1|100 
8925835921|2|100 100 
8831817109|3|100 98 10B 
8925835923|1|100 
8925835924|1|100 
8925835925|1|100 
8925835926|1|100 
8925835927|1|100 
8925835928|1|100 
8925835929|2|100 98 
8925835930|2|100 98 
8925835931|1|100 
8925835932|1|100 
8925835933|1|100 
8925835934|1|100 
8925835935|1|100 
8925835936|1|100 
8925835937|1|100 
4251886989|2|86 86 
4570480399|2|86 68 
4676407393|1|86 
7040031287|2|86 68 
8927363856|4|86 68 109 90 
738815771|1|86 
5404990957|2|86 68 
6206929385|1|86 
8927363887|2|86 68 
8927529643|4|86 68 109 90 
738814302|2|08A 52A 
8919736461|1|08A 
8929843510|1|08A 
8929843511|1|08A 
8929843512|1|08A 
8929843513|1|08A 
8929843514|1|08A 
8929843515|2|08A 08A 
8930987737|2|68 68 
444394752|1|68 
446044147|1|08A 
738815089|1|08A 
8919736462|1|08A 
8930639190|1|08A 
8930639202|1|08A 
8930639205|1|08A 
8930639210|1|08A 
8930643818|1|08A 
8930639185|1|08B 
8930639189|1|08B 
8930639199|2|08B 08A 
8930639203|1|08B 
8930639206|1|08B 
8930639208|1|08B 
8930639211|1|08B 
8930639213|1|08B 
8930639214|1|08B 
8930639216|1|08B 
8930643817|1|08B 
8932663264|2|08B 21B 
7178795558|3|122 43 10B 
7178804713|2|122 43 
7178810616|3|122 43 10B 
7178812747|2|122 43 
8919509903|3|122 43 10B 
8919509904|3|122 43 10B 
8933203624|1|122 
8933203625|1|122 
8933203627|1|122 
8933203629|1|122 
8933203631|1|122 
8933203633|1|122 
8933203635|1|122 
8933203637|1|122 
8933203639|1|122 
8933203641|1|122 
8933203643|1|122 
8933203645|1|122 
8933203647|1|122 
8933203649|1|122 
8933203651|1|122 
8933203653|1|122 
8933203655|1|122 
8933203657|1|122 
8933203659|1|122 
8933203661|1|122 
8933203663|2|122 122 
7178793083|3|122 43 10B 
7178803638|3|122 43 10B 
7178808033|2|122 43 
7178811680|3|122 43 10B 
7178812821|2|122 43 
8933203623|1|122 
8933203626|1|122 
8933203628|1|122 
8933203630|1|122 
8933203632|1|122 
8933203634|1|122 
8933203636|1|122 
8933203638|1|122 
8933203640|1|122 
8933203642|1|122 
8933203644|1|122 
8933203646|1|122 
8933203648|1|122 
8933203650|1|122 
8933203652|1|122 
8933203654|1|122 
8933203656|1|122 
8933203658|1|122 
8933203660|1|122 
8933203662|1|122 
8933730773|2|109 90 
8933730776|2|109 90 
8930639188|1|08A 
8930639191|1|08A 
8930639193|1|08A 
8930639194|1|08A 
8930639195|1|08A 
8930639197|1|08A 
8930639200|1|08A 
8930639207|1|08A 
8930639209|1|08A 
8930639212|1|08A 
8930639215|1|08A 
5485726119|1|13 
8934749255|1|13 
8934749260|1|13 
8934749264|1|13 
8934749275|1|13 
8934749277|1|13 
8934749280|1|13 
8934749282|1|13 
8934749286|1|13 
6666479030|1|90 
7194734187|2|90 90 
8936462893|2|90 90 
8939177163|3|21A 89 66 
4504060143|2|21B 22B 
8939177166|1|21B 
8939177168|2|21B 22B 
8939177169|2|21B 22B 
8939177167|1|21B 
8939177170|2|21B 22B 
8939177171|2|21B 22B 
8939177172|2|21B 22B 
738815796|1|22A 
5068125721|1|22A 
8807115916|1|22A 
8943684247|1|22A 
8943684249|1|22A 
8943684251|1|22A 
8943684253|2|22A 22A 
8943684248|1|22A 
8943684250|1|22A 
8943684252|1|22A 
8943684257|2|22B 105 
8943684259|2|22B 105 
8943684261|1|22B 
8943684263|1|22B 
8943684265|1|22B 
8943684267|1|22B 
8943684268|2|22B 22B 
8943684258|2|22B 105 
8943684260|2|22B 105 
8943684262|1|22B 
8943684264|1|22B 
8943684266|1|22B 
8943684269|1|22B 
5248927321|1|88 
8808907348|3|88 107 74 
8808907349|3|88 107 74 
8808907350|4|88 107 66 74 
8808907351|4|88 107 66 74 
8808907361|4|88 107 66 74 
8808907362|3|88 107 74 
8808907363|3|88 107 74 
8945948098|3|88 107 74 
8945948099|4|88 107 66 74 
8945948100|3|88 107 74 
8945948101|3|88 107 74 
8945948102|3|88 107 74 
8945948103|4|88 89 107 74 
8945948104|4|88 89 107 74 
8945948105|3|88 107 74 
8945948106|3|88 107 74 
8945948107|3|88 107 74 
8945948108|3|88 107 74 
8945948109|3|88 107 74 
8945948110|3|88 107 74 
8945948111|3|88 107 74 
8945948112|3|88 107 74 
8946031018|3|88 107 74 
8946031019|3|88 107 74 
8946031020|3|88 107 74 
8946031022|3|88 107 74 
8946031025|3|88 107 74 
8946031027|3|88 119 107 
8946031028|3|88 119 107 
8946031029|1|88 
8946031030|1|88 
8946031031|1|88 
8946031032|1|88 
8946031033|1|88 
8946031034|1|88 
8946031035|1|88 
8946031036|1|88 
8946031037|1|88 
8946031038|1|88 
8946031039|1|88 
8946031040|1|88 
8946031041|1|88 
8946031042|1|88 
8946031043|1|88 
8946031044|1|88 
8946031045|1|88 
8946031046|1|88 
8946031047|1|88 
8946031048|1|88 
8946031049|1|88 
8946031050|1|88 
8946031051|1|88 
8946031052|1|88 
8946031053|4|88 88 115 115 
5248910223|1|88 
5248940221|1|88 
8808913241|3|88 107 74 
8808913242|3|88 107 74 
8808913243|4|88 107 66 74 
8808913244|4|88 107 66 74 
8808913245|4|88 107 66 74 
8808913246|3|88 107 74 
8808913247|3|88 107 74 
8808913250|3|88 107 74 
8946031021|3|88 107 74 
8946031023|3|88 107 74 
8946031026|3|88 107 74 
8946656542|1|88 
8946656543|1|88 
8946656544|1|88 
8946656545|1|88 
8946656546|1|88 
8946656547|1|88 
8946656548|1|88 
8946656549|1|88 
8946656550|1|88 
8946656551|1|88 
8946656552|1|88 
8946656553|1|88 
8946656554|1|88 
8946656555|1|88 
8946656556|1|88 
8946656557|1|88 
8946656558|1|88 
8946656559|1|88 
8946656560|1|88 
8946656561|1|88 
8946656562|1|88 
8946656563|1|88 
8946656564|1|88 
8946656565|3|88 119 107 
8946656566|3|88 119 107 
8946656567|3|88 119 107 
8946656568|3|88 107 74 
8946656569|3|88 107 74 
8946656570|3|88 107 74 
8946656571|3|88 107 74 
8946656572|3|88 107 74 
8946656573|3|88 107 74 
8946656574|3|88 107 74 
8946656575|3|88 107 74 
8946656576|3|88 107 74 
8946656577|4|88 89 107 74 
8946656578|4|88 89 107 74 
8946656579|3|88 107 74 
8946656580|3|88 107 74 
8946656581|2|88 74 
5128206022|2|72 114 
7860662663|2|72 114 
7893470208|2|72 114 
8948067789|2|72 114 
8948067790|2|72 114 
8948067791|2|72 114 
8948067792|2|72 114 
8948067793|1|72 
8948067794|1|72 
8948067795|1|72 
8948067796|1|72 
8948067797|1|72 
8948067798|1|72 
8948067799|1|72 
8948067800|1|72 
8948067801|1|72 
8948067802|1|72 
8948067803|1|72 
8948067804|1|72 
8948067805|1|72 
8948067806|1|72 
8948067807|1|72 
8948067808|1|72 
8948067809|1|72 
8948067810|1|72 
8948067811|1|72 
8948067812|1|72 
8948067813|1|72 
8948067814|1|72 
8948067815|1|72 
8948067816|1|72 
8948071417|2|72 72 
5128206021|2|72 114 
8948071419|1|72 
8948071420|1|72 
8948071421|1|72 
8948071422|1|72 
8948071423|1|72 
8948071424|1|72 
8948071425|1|72 
8948071426|1|72 
8948071427|1|72 
8948071428|1|72 
8948071429|1|72 
8948071430|1|72 
8948071431|1|72 
8948071432|1|72 
8948071433|1|72 
8948071434|1|72 
8948071435|1|72 
8948071436|1|72 
8948071437|1|72 
8948071438|1|72 
8948071439|1|72 
8948071440|1|72 
8948071441|1|72 
8948071442|1|72 
8948071443|1|72 
8948071444|2|72 114 
8948071445|2|72 114 
8948071446|2|72 114 
8948071447|2|72 114 
8948071448|2|72 114 
8948071449|2|72 114 
8948071450|2|72 114 
8954351029|1|28 
8954351031|1|28 
8954351032|1|28 
8954351033|1|28 
8954351035|1|28 
8954351037|1|28 
8954351039|1|28 
8954351028|1|28 
8954351030|1|28 
8954351034|1|28 
8954351036|1|28 
8954351038|1|28 
8954351040|1|28 
8954351045|1|28 
4211959991|4|20A 66 66 92 
5719035021|6|20A 20A 20B 20B 89 89 
8808907408|3|20A 89 92 
8808907409|3|20A 89 92 
8808907410|3|20A 89 92 
8808907411|4|20A 20B 89 92 
8808907412|4|20A 20B 89 92 
8808907413|4|20A 20B 89 92 
8808907414|4|20A 20B 89 92 
8971521319|2|20A 92 
8971521321|2|20A 92 
8971521323|2|20A 92 
8971521325|2|20A 92 
8971521327|2|20A 92 
8971521329|2|20A 92 
8971521332|3|20A 66 92 
8971521334|2|20A 92 
8971521336|2|20A 92 
8971521338|2|20A 92 
8971521340|2|20A 92 
8971521342|2|20A 92 
8971521345|2|20A 92 
8971521347|2|20A 92 
8971521349|2|20A 92 
8971521351|2|20A 92 
8971521353|2|20A 92 
8971521355|2|20A 92 
8808913217|4|20A 20B 89 92 
8808913218|4|20A 20B 89 92 
8808913219|4|20A 20B 89 92 
8808913220|4|20A 20B 89 92 
8808913221|3|20A 89 92 
8808913222|3|20A 89 92 
8808913223|3|20A 89 92 
8971521320|2|20A 92 
8971521322|2|20A 92 
8971521324|2|20A 92 
8971521326|2|20A 92 
8971521328|2|20A 92 
8971521330|2|20A 92 
8971521331|3|20A 66 92 
8971521333|3|20A 66 92 
8971521335|2|20A 92 
8971521337|2|20A 92 
8971521339|2|20A 92 
8971521341|2|20A 92 
8971521344|2|20A 92 
8971521346|2|20A 92 
8971521348|2|20A 92 
8971521350|2|20A 92 
8971521352|2|20A 92 
8971521354|2|20A 92 
8971521356|2|20A 92 
102999741|1|52A 
481836768|1|52A 
481836788|1|52A 
738814321|1|52A 
8990709060|1|52A 
8990709061|1|52A 
8990709062|1|52A 
8990709063|1|52A 
8990709064|2|52A 69 
8990709065|1|52A 
8990709066|1|52A 
8990709067|1|52A 
8990709068|1|52A 
8990709069|1|52A 
8990709070|1|52A 
8990709071|1|52A 
8990709072|1|52A 
8919736509|1|69 
8995345609|1|69 
8995345611|1|69 
8995345613|1|69 
8995345614|1|69 
8995345615|1|69 
8995345616|1|69 
8995358217|1|69 
8995358218|1|69 
8995358219|1|69 
8995358220|1|69 
8995358221|1|69 
8995358222|1|69 
8995358223|1|69 
8995358224|1|69 
8995358225|1|69 
8995358226|1|69 
8995358227|1|69 
8995358228|2|69 69 
8919736508|1|69 
8995345610|1|69 
8995345612|1|69 
8995358230|1|69 
8995358231|1|69 
8995358232|1|69 
8995358233|1|69 
8995358234|1|69 
8995358235|1|69 
8995358236|1|69 
8995358237|1|69 
8995358238|1|69 
8995358239|1|69 
8995358240|1|69 
8995358241|1|69 
8995358242|1|69 
8995358243|1|69 
8995358244|1|69 
8995358245|1|69 
7178750115|1|43 
7178803504|1|43 
8919509902|2|43 10B 
8997860535|1|43 
8997860538|1|43 
8997860540|1|43 
8997860544|1|43 
8997860546|1|43 
8997860548|1|43 
8997860550|1|43 
8997860552|1|43 
8997860554|1|43 
8997860556|1|43 
8997860558|1|43 
8997860560|2|43 43 
7178805765|1|43 
8997860536|1|43 
8997860537|1|43 
8997860539|1|43 
8997860541|1|43 
8997860545|1|43 
8997860547|1|43 
8997860549|1|43 
8997860551|1|43 
8997860553|1|43 
8997860555|1|43 
8997860557|1|43 
8997860559|1|43 
8971521318|4|20B 20B 92 92 
9000718235|1|20B 
9000718237|1|20B 
9000718239|1|20B 
9000718241|1|20B 
9000718243|1|20B 
9000718245|1|20B 
9000718247|1|20B 
9000718249|1|20B 
9000718255|1|20B 
9000718257|1|20B 
9000718259|1|20B 
9000718262|1|20B 
9000718265|1|20B 
9000718267|1|20B 
9000718269|1|20B 
9000718271|1|20B 
9000718296|1|20B 
9000718299|1|20B 
9000718301|1|20B 
9000718303|1|20B 
9000718305|1|20B 
9000718307|1|20B 
9000718309|1|20B 
9000718311|1|20B 
9000718313|1|20B 
9000718315|1|20B 
9000730717|1|20B 
9000730719|1|20B 
9000730721|1|20B 
9000730724|1|20B 
9000730728|1|20B 
9000730730|1|20B 
9000730732|1|20B 
9000730734|1|20B 
9000730736|1|20B 
9000730738|1|20B 
9000718236|1|20B 
9000718238|1|20B 
9000718240|1|20B 
9000718242|1|20B 
9000718244|1|20B 
9000718246|1|20B 
9000718248|1|20B 
9000718250|1|20B 
9000718256|1|20B 
9000718258|1|20B 
9000718261|1|20B 
9000718263|1|20B 
9000718266|1|20B 
9000718268|1|20B 
9000718270|1|20B 
9000718272|1|20B 
9000718297|1|20B 
9000718300|1|20B 
9000718302|1|20B 
9000718304|1|20B 
9000718306|1|20B 
9000718308|1|20B 
9000718310|1|20B 
9000718312|1|20B 
9000718314|1|20B 
9000718316|1|20B 
9000730718|1|20B 
9000730720|1|20B 
9000730722|1|20B 
9000730725|1|20B 
9000730729|1|20B 
9000730731|1|20B 
9000730733|1|20B 
9000730735|1|20B 
9000730737|1|20B 
9000730739|1|20B 
9003315131|1|98 
9003315133|1|98 
9003315135|1|98 
9003315137|1|98 
9003315139|1|98 
9003315141|1|98 
9003315143|1|98 
9003315145|1|98 
9003315147|1|98 
9003315149|1|98 
9003315151|1|98 
9003315155|1|98 
9003315156|1|98 
9003315158|1|98 
9003315160|1|98 
9003315162|1|98 
9003315132|1|98 
9003315134|1|98 
9003315136|1|98 
9003315138|1|98 
9003315140|1|98 
9003315142|1|98 
9003315144|1|98 
9003315146|1|98 
9003315148|1|98 
9003315150|1|98 
9003315153|1|98 
9003315154|1|98 
9003315157|1|98 
9003315159|1|98 
9003315161|1|98 
9003315163|1|98 
8808907403|1|89 
8808907404|1|89 
8808907405|1|89 
8808907406|1|89 
8808907407|1|89 
8958629899|1|89 
8958629900|1|89 
8958629901|1|89 
8958629902|1|89 
8958629903|1|89 
9004787821|1|89 
9004787823|1|89 
9004787825|1|89 
9004787827|1|89 
9004787829|1|89 
9004787831|1|89 
9004787833|1|89 
9004787834|1|89 
9004787836|1|89 
9004787838|1|89 
9004787840|1|89 
9004787842|1|89 
9004787844|1|89 
9004787846|1|89 
9004787848|1|89 
9004787850|1|89 
9004787852|1|89 
9004787854|1|89 
9004787856|1|89 
9004787858|1|89 
9004787860|1|89 
9004787862|1|89 
9004787864|1|89 
9004787887|1|89 
9004787889|1|89 
9004787891|1|89 
9004787893|1|89 
9004787895|1|89 
9004787897|1|89 
8808913224|1|89 
8808913225|1|89 
8808913226|1|89 
8808913227|1|89 
8808913228|1|89 
8959298048|1|89 
8959298049|1|89 
8959298050|1|89 
8959298051|1|89 
8959298052|1|89 
9004787822|1|89 
9004787824|1|89 
9004787826|1|89 
9004787828|1|89 
9004787830|1|89 
9004787832|1|89 
9004787835|1|89 
9004787837|1|89 
9004787839|1|89 
9004787841|1|89 
9004787843|1|89 
9004787845|1|89 
9004787847|1|89 
9004787849|1|89 
9004787851|1|89 
9004787853|1|89 
9004787855|1|89 
9004787857|1|89 
9004787859|1|89 
9004787861|1|89 
9004787863|1|89 
9004787865|1|89 
9004787888|1|89 
9004787890|1|89 
9004787892|1|89 
9004787894|1|89 
9004787896|1|89 
9004787898|1|89 
8846358794|1|105 
8943744747|1|105 
8943744748|1|105 
8943744749|2|105 105 
8943744750|2|105 66 
8943744751|2|105 66 
8943744753|1|105 
8943744755|1|105 
8943744756|1|105 
8943744758|1|105 
8943744761|1|105 
8943744762|1|105 
8943744764|1|105 
8950695174|1|105 
8950695176|1|105 
8950695178|1|105 
8950695179|1|105 
9005978402|2|115 115 
9005978404|1|115 
9005978406|1|115 
9005978408|1|115 
9005978410|1|115 
9005978412|1|115 
9005978414|1|115 
9005978416|1|115 
9006046618|2|115 91 
9006046620|2|115 91 
9006046622|2|115 91 
9006046624|2|115 91 
9006046626|2|115 91 
9006046628|1|115 
9006046630|1|115 
9006046631|1|115 
9006046633|1|115 
9006046635|1|115 
9006046637|1|115 
9006046639|1|115 
9006046641|1|115 
9006046643|1|115 
9006046645|1|115 
9006046647|1|115 
9006046649|1|115 
9006046651|1|115 
9006046652|1|115 
9006046654|1|115 
9006046656|1|115 
9006046658|1|115 
9006046660|1|115 
9006046662|1|115 
9006046664|1|115 
9006046667|2|115 114 
9006046669|2|115 114 
9006046671|2|115 114 
9006046673|2|115 114 
9006046675|1|115 
9006046677|1|115 
9006046679|1|115 
9006046681|1|115 
9006046683|1|115 
9006046685|1|115 
9006046687|1|115 
9006046689|1|115 
7138497036|1|115 
9005978405|1|115 
9005978407|1|115 
9005978409|1|115 
9005978411|1|115 
9005978413|1|115 
9005978415|1|115 
9006046617|1|115 
9006046619|2|115 91 
9006046621|2|115 91 
9006046623|2|115 91 
9006046625|2|115 91 
9006046627|2|115 91 
9006046629|1|115 
9006046632|1|115 
9006046634|1|115 
9006046636|1|115 
9006046638|1|115 
9006046640|1|115 
9006046642|1|115 
9006046644|1|115 
9006046646|1|115 
9006046648|1|115 
9006046650|1|115 
9006046653|1|115 
9006046655|1|115 
9006046657|1|115 
9006046659|1|115 
9006046661|1|115 
9006046663|1|115 
9006046665|1|115 
9006046668|2|115 114 
9006046670|2|115 114 
9006046672|2|115 114 
9006046674|2|115 114 
9006046676|1|115 
9006046678|1|115 
9006046680|1|115 
9006046682|1|115 
9006046684|1|115 
9006046686|1|115 
9006046688|1|115 
9006046690|1|115 
9006204627|1|114 
9006204629|1|114 
9006204631|1|114 
9006204633|1|114 
9006204635|1|114 
9006204637|1|114 
9006204645|1|114 
9006204647|1|114 
9006204649|1|114 
9006204651|1|114 
9006204653|1|114 
9006204655|1|114 
9006204658|1|114 
9006204660|1|114 
9006204664|1|114 
9006204666|1|114 
9006204668|1|114 
9006204671|1|114 
9006204674|1|114 
9006204676|1|114 
9006204678|1|114 
9006204680|1|114 
9006204682|1|114 
9006204684|1|114 
9006204686|1|114 
9006204688|2|114 114 
9006204628|1|114 
9006204630|1|114 
9006204632|1|114 
9006204634|1|114 
9006204636|1|114 
9006204638|1|114 
9006204646|1|114 
9006204648|1|114 
9006204650|1|114 
9006204652|1|114 
9006204654|1|114 
9006204656|1|114 
9006204659|1|114 
9006204663|1|114 
9006204665|1|114 
9006204667|1|114 
9006204670|1|114 
9006204673|1|114 
9006204675|1|114 
9006204677|1|114 
9006204679|1|114 
9006204681|1|114 
9006204683|1|114 
9006204685|1|114 
9006204687|1|114 
9006708301|1|35B 
9006708303|1|35B 
9006708304|1|35B 
9006708306|1|35B 
9006708308|1|35B 
9006708310|1|35B 
9006708312|1|35B 
9006708314|1|35B 
9006708316|1|35B 
9006720518|1|35B 
9006720520|1|35B 
9006720522|1|35B 
9006720524|1|35B 
9006720526|1|35B 
9006720528|1|35B 
9006720530|1|35B 
9006720532|1|35B 
9006720534|1|35B 
9006720536|1|35B 
9006720538|2|35B 35B 
9006708302|1|35B 
9006708305|1|35B 
9006708307|1|35B 
9006708309|1|35B 
9006708311|1|35B 
9006708313|1|35B 
9006708315|1|35B 
9006720517|1|35B 
9006720519|1|35B 
9006720521|1|35B 
9006720523|1|35B 
9006720525|1|35B 
9006720527|1|35B 
9006720529|1|35B 
9006720531|1|35B 
9006720533|1|35B 
9006720535|1|35B 
9006720537|1|35B 
9007633027|1|91 
9007633029|1|91 
9007633049|1|91 
9007633051|1|91 
9007633053|1|91 
9007633055|1|91 
9007633057|1|91 
9007633059|1|91 
9007633061|1|91 
9007633063|1|91 
9007633065|1|91 
9007633067|1|91 
9007633069|1|91 
9007633071|1|91 
9007633114|1|91 
9007633116|1|91 
9007641818|1|91 
9007641820|1|91 
9007641822|1|91 
9007641824|1|91 
9007641826|1|91 
9007641828|1|91 
9007641830|1|91 
9007641832|1|91 
9007641834|1|91 
9007641836|1|91 
9007641838|1|91 
9007641840|1|91 
9007641842|1|91 
9007641854|1|91 
9007641855|1|91 
9007641861|2|91 06E 
9007641863|2|91 06E 
9007641865|2|91 06E 
9007641867|4|91 91 06E 06E 
9007633028|1|91 
9007633048|1|91 
9007633050|1|91 
9007633052|1|91 
9007633054|1|91 
9007633056|1|91 
9007633058|1|91 
9007633060|1|91 
9007633062|1|91 
9007633064|1|91 
9007633066|1|91 
9007633068|1|91 
9007633070|1|91 
9007633072|1|91 
9007633115|1|91 
9007641817|1|91 
9007641819|1|91 
9007641821|1|91 
9007641823|1|91 
9007641825|1|91 
9007641827|1|91 
9007641829|1|91 
9007641831|1|91 
9007641833|1|91 
9007641835|1|91 
9007641837|1|91 
9007641839|1|91 
9007641841|1|91 
9007641843|1|91 
9007641853|1|91 
9007641860|1|91 
9007641862|2|91 06E 
9007641864|2|91 06E 
9007641866|2|91 06E 
445225395|1|105 
8943744752|2|105 66 
8943744754|1|105 
8943744757|1|105 
8943744759|1|105 
8943744760|1|105 
8943744763|1|105 
8943744765|1|105 
8944376750|2|105 66 
8944376751|1|105 
8944376752|1|105 
8944376753|1|105 
8944376754|1|105 
8950695175|1|105 
8950695177|1|105 
8956568592|2|105 66 
8956568593|1|105 
9009781172|1|112 
9009781179|1|112 
9009781181|1|112 
9009781183|1|112 
9009781185|1|112 
9009781187|1|112 
9009781189|1|112 
9009781191|1|112 
9009781193|1|112 
9009781195|1|112 
9009795220|1|112 
9009795222|1|112 
9009795224|1|112 
9009795226|1|112 
9009795228|1|112 
9009795230|1|112 
9009795232|1|112 
9009795235|1|112 
9009795237|1|112 
9009795245|1|112 
9009795247|1|112 
9009795249|1|112 
9009795251|1|112 
9009795253|1|112 
9009795255|1|112 
9009795257|2|112 112 
9009781173|1|112 
9009781182|1|112 
9009781184|1|112 
9009781186|1|112 
9009781188|1|112 
9009781190|1|112 
9009781192|1|112 
9009781194|1|112 
9009781196|1|112 
9009795221|1|112 
9009795223|1|112 
9009795225|1|112 
9009795227|1|112 
9009795229|1|112 
9009795231|1|112 
9009795233|1|112 
9009795236|1|112 
9009795238|1|112 
9009795246|1|112 
9009795248|1|112 
9009795250|1|112 
9009795252|1|112 
9009795254|1|112 
9009795256|1|112 
9010637657|2|119 119 
9010637659|1|119 
9010637661|2|119 107 
9010637663|2|119 107 
9010637665|2|119 107 
9010637667|2|119 107 
9010637669|2|119 107 
9010637671|2|119 107 
9010637693|2|119 107 
9010637695|2|119 107 
9010637697|1|119 
9010637699|1|119 
9010637701|1|119 
9010637703|1|119 
9010637705|1|119 
9010637708|1|119 
9010637710|1|119 
9010637712|1|119 
9010637714|1|119 
9010637716|1|119 
9010673524|1|119 
9010673526|1|119 
9010673528|1|119 
9010673530|1|119 
9010673532|1|119 
9010673534|1|119 
9010673536|1|119 
9010673538|1|119 
9010673540|1|119 
9010673542|1|119 
9010673544|1|119 
9010673546|1|119 
9010673548|1|119 
9010673550|1|119 
9010673552|1|119 
9010673554|1|119 
9010673556|1|119 
9010673558|1|119 
9010673560|2|119 119 
9010637660|1|119 
9010637662|2|119 107 
9010637664|2|119 107 
9010637666|2|119 107 
9010637668|2|119 107 
9010637670|2|119 107 
9010637672|2|119 107 
9010637694|2|119 107 
9010637696|2|119 107 
9010637698|1|119 
9010637700|1|119 
9010637702|1|119 
9010637704|1|119 
9010637706|1|119 
9010637709|1|119 
9010637711|1|119 
9010637713|1|119 
9010637715|1|119 
9010673517|1|119 
9010673525|1|119 
9010673527|1|119 
9010673529|1|119 
9010673531|1|119 
9010673533|1|119 
9010673535|1|119 
9010673537|1|119 
9010673539|1|119 
9010673541|1|119 
9010673543|1|119 
9010673545|1|119 
9010673547|1|119 
9010673549|1|119 
9010673551|1|119 
9010673553|1|119 
9010673555|1|119 
9010673557|1|119 
9010673559|1|119 
9013469840|2|107 107 
9013469842|1|107 
9013469843|1|107 
9013469844|1|107 
9013469839|1|107 
9013469853|2|107 66 
9013469854|2|107 66 
9013469856|2|107 66 
9013469858|1|107 
9013469859|1|107 
9013469860|1|107 
9013469861|1|107 
9013469862|1|107 
9013469855|1|66 
9013469857|1|66 
9014725458|1|66 
9014725460|1|66 
9014725462|1|66 
9014725464|1|66 
9014725466|1|66 
9014725468|1|66 
9014725470|1|66 
9014725471|1|66 
9014725473|1|66 
9014725475|1|66 
9014725477|1|66 
9014725485|1|66 
9014725487|1|66 
9014725489|1|66 
9014725492|1|66 
9014725494|1|66 
9014725496|1|66 
9014725498|1|66 
9014725500|1|66 
9014725502|1|66 
9014725504|1|66 
9014725506|1|66 
9014725459|1|66 
9014725461|1|66 
9014725463|1|66 
9014725465|1|66 
9014725467|1|66 
9014725469|1|66 
9014725472|1|66 
9014725474|1|66 
9014725476|1|66 
9014725478|1|66 
9014725486|1|66 
9014725488|1|66 
9014725490|1|66 
9014725493|1|66 
9014725495|1|66 
9014725497|1|66 
9014725499|1|66 
9014725501|1|66 
9014725503|1|66 
9014725505|1|66 
9014725507|1|66 
9017576131|1|92 
9017576133|1|92 
9017576135|1|92 
9017576141|1|92 
9017576143|1|92 
9017576145|1|92 
9017576147|1|92 
9017576149|1|92 
9017576151|1|92 
9017576153|1|92 
9017576155|1|92 
9017576158|1|92 
9017576160|1|92 
9017576162|1|92 
9017576164|1|92 
9017576166|1|92 
9017576168|1|92 
9017576170|1|92 
9017576172|1|92 
9017576174|1|92 
9017576176|1|92 
9017576178|1|92 
9017576180|1|92 
9017576182|2|92 92 
9017576132|1|92 
9017576134|1|92 
9017576136|1|92 
9017576142|1|92 
9017576144|1|92 
9017576146|1|92 
9017576148|1|92 
9017576150|1|92 
9017576152|1|92 
9017576154|1|92 
9017576156|1|92 
9017576157|1|92 
9017576159|1|92 
9017576161|1|92 
9017576163|1|92 
9017576165|1|92 
9017576167|1|92 
9017576169|1|92 
9017576171|1|92 
9017576173|1|92 
9017576175|1|92 
9017576177|1|92 
9017576179|1|92 
9017576181|1|92 
9024366548|5|06A 06B 06C 06D 06E 
9024366550|5|06A 06B 06C 06D 06E 
9024366552|5|06A 06B 06C 06D 06E 
9024366554|5|06A 06B 06C 06D 06E 
9024366556|5|06A 06B 06C 06D 06E 
9024366558|5|06A 06B 06C 06D 06E 
9024366560|5|06A 06B 06C 06D 06E 
9024366562|5|06A 06B 06C 06D 06E 
9024366564|5|06A 06B 06C 06D 06E 
9024366566|5|06A 06B 06C 06D 06E 
9024366568|4|06A 06C 06D 06E 
9024366572|4|06A 06C 06D 06E 
9024366573|4|06A 06C 06D 06E 
9024366575|4|06A 06C 06D 06E 
9024366577|4|06A 06C 06D 06E 
9024366579|4|06A 06C 06D 06E 
9024366581|4|06A 06C 06D 06E 
9024366584|3|06A 06C 06D 
9024366586|3|06A 06C 06D 
9024366591|3|06A 06C 06D 
9024366593|2|06A 06D 
9024366596|2|06A 06D 
9024366597|2|06A 06D 
9024366599|2|06A 06D 
9024366602|1|06A 
9024366604|1|06A 
9024366607|1|06A 
9024366609|1|06A 
9024366610|1|06A 
9024366612|1|06A 
9024366614|1|06A 
9024366616|2|06A 06A 
9024366549|5|06A 06B 06C 06D 06E 
9024366551|5|06A 06B 06C 06D 06E 
9024366553|5|06A 06B 06C 06D 06E 
9024366555|5|06A 06B 06C 06D 06E 
9024366557|5|06A 06B 06C 06D 06E 
9024366559|5|06A 06B 06C 06D 06E 
9024366561|5|06A 06B 06C 06D 06E 
9024366563|5|06A 06B 06C 06D 06E 
9024366565|5|06A 06B 06C 06D 06E 
9024366567|5|06A 06B 06C 06D 06E 
9024366569|4|06A 06C 06D 06E 
9024366570|4|06A 06C 06D 06E 
9024366574|4|06A 06C 06D 06E 
9024366576|4|06A 06C 06D 06E 
9024366578|4|06A 06C 06D 06E 
9024366580|4|06A 06C 06D 06E 
9024366582|4|06A 06C 06D 06E 
9024366585|3|06A 06C 06D 
9024366587|3|06A 06C 06D 
9024366592|3|06A 06C 06D 
9024366594|2|06A 06D 
9024366595|2|06A 06D 
9024366598|2|06A 06D 
9024366600|1|06A 
9024366601|1|06A 
9024366605|1|06A 
9024366606|1|06A 
9024366608|1|06A 
9024366611|1|06A 
9024366613|1|06A 
9024366615|1|06A 
9025161129|1|56A 
9025161131|1|56A 
9025161133|1|56A 
9025161135|1|56A 
9025161137|1|56A 
9025161139|1|56A 
9025161141|1|56A 
9025161204|1|56A 
9025161206|1|56A 
9025161209|1|56A 
9025161210|3|56A 56B 56B 
9025161212|3|56A 56B 56B 
9025161214|3|56A 56B 56B 
9025161216|3|56A 56B 56B 
9025164718|2|56A 56A 
9025161130|1|56A 
9025161132|1|56A 
9025161134|1|56A 
9025161136|1|56A 
9025161138|1|56A 
9025161140|1|56A 
9025161142|1|56A 
9025161205|1|56A 
9025161207|1|56A 
9025161208|1|56A 
9025161211|3|56A 56B 56B 
9025161213|3|56A 56B 56B 
9025161215|3|56A 56B 56B 
9025164717|3|56A 56B 56B 
9025164772|1|74 
9025164774|1|74 
9025164777|1|74 
9025164778|1|74 
9025164780|1|74 
9025164782|1|74 
9025164783|1|74 
9025164789|1|74 
9025164790|1|74 
9025164792|1|74 
9025164794|1|74 
9025164796|1|74 
9025164798|1|74 
9025164804|1|74 
9025164806|1|74 
9025164808|1|74 
9025164810|1|74 
9025164812|1|74 
9025164814|1|74 
9025164816|1|74 
9025164818|1|74 
9025164820|1|74 
9025164822|1|74 
9025164824|2|74 74 
9025164773|1|74 
9025164775|1|74 
9025164776|1|74 
9025164779|1|74 
9025164781|1|74 
9025164784|1|74 
9025164787|1|74 
9025164788|1|74 
9025164791|1|74 
9025164793|1|74 
9025164795|1|74 
9025164797|1|74 
9025164799|1|74 
9025164805|1|74 
9025164807|1|74 
9025164809|1|74 
9025164811|1|74 
9025164813|1|74 
9025164815|1|74 
9025164817|1|74 
9025164819|1|74 
9025164821|1|74 
9025164823|1|74 
9025879836|2|56B 56B 
9025879837|2|56B 56B 
9025879838|2|56B 56B 
9025879839|2|56B 56B 
9025879840|2|56B 56B 
9025879841|2|56B 56B 
9025879842|2|56B 56B 
9025879843|2|56B 56B 
9025879844|2|56B 56B 
9025879845|2|56B 56B 
9025879846|2|56B 56B 
9025879847|1|56B 
9025879848|1|56B 
9025879849|1|56B 
9025879850|1|56B 
9025879851|1|56B 
9025879852|1|56B 
9025879853|1|56B 
9025879854|1|56B 
9025879855|1|56B 
9025879856|1|56B 
9025879857|1|56B 
9025879858|1|56B 
9025879859|1|56B 
9025879860|1|56B 
9025879861|1|56B 
9025879862|1|56B 
9025879863|1|56B 
9025879864|1|56B 
9025879865|1|56B 
9025879866|1|56B 
9025879867|1|56B 
9025879868|1|56B 
9025879869|1|56B 
9025879870|1|56B 
9025879871|1|56B 
9025879872|1|56B 
9025879873|1|56B 
9025879874|1|56B 
9025879875|1|56B 
9025879876|1|56B 
9025879877|1|56B 
9025879878|1|56B 
9025879879|1|56B 
9025879880|1|56B 
9025879881|1|56B 
9025879882|1|56B 
9025879883|1|56B 
9025879884|1|56B 
9025879885|1|56B 
9025879886|1|56B 
9025879887|1|56B 
9025879888|1|56B 
9025879889|1|56B 
9025879890|1|56B 
9025879891|1|56B 
9025879892|1|56B 
9025879893|1|56B 
9025879894|1|56B 
9032499794|1|06B 
9032499797|1|06B 
9032499798|1|06B 
9032499800|1|06B 
9032499803|1|06B 
9032499804|2|06B 06B 
9032499795|1|06B 
9032499796|1|06B 
9032499799|1|06B 
9032499801|1|06B 
9032499802|1|06B 
9032499805|1|06C 
9032499807|1|06C 
9032499809|1|06C 
9032499811|2|06C 06C 
9032499806|1|06C 
9032499808|1|06C 
9032499810|1|06C 
8919509905|1|10B 
8919509906|1|10B 
8919509907|1|10B 
8919509908|1|10B 
9032745589|1|10B 
9032745591|1|10B 
9032745594|1|10B 
9032745595|1|10B 
9032745598|1|10B 
9032745600|1|10B 
9032745602|1|10B 
9032745603|1|10B 
9032745606|1|10B 
9032745608|1|10B 
9032745609|2|10B 10B 
6546414572|1|10B 
9032745590|1|10B 
9032745592|1|10B 
9032745593|1|10B 
9032745596|1|10B 
9032745597|1|10B 
9032745599|1|10B 
9032745601|1|10B 
9032745604|1|10B 
9032745605|1|10B 
9032745607|1|10B 
9032745610|1|10B 
9032745611|1|10B 
9032745612|1|10B 
9032745613|1|10B 
9100359339|1|06D 
9100359341|1|06D 
9100359343|1|06D 
9100359345|1|06D 
9100359347|1|06D 
9100359349|2|06D 06D 
9100359338|1|06D 
9100359340|1|06D 
9100359342|1|06D 
9100359344|1|06D 
9100359346|1|06D 
9100359348|1|06D 
9100359351|1|06E 
9100359352|1|06E 
9100359354|1|06E 
9100359356|1|06E 
9100359358|1|06E 
9100359360|1|06E 
9100359362|1|06E 
9100359364|1|06E 
9100359366|1|06E 
9100359350|1|06E 
9100359353|1|06E 
9100359355|1|06E 
9100359357|1|06E 
9100359359|1|06E 
9100359361|1|06E 
9100359363|1|06E 
9100359365|1|06E 
9100359367|1|06E 
